Define CharList
 ( 'A', 'B', 'C', 'D', 'E', 'F', 'G', 'H', 'I', 'J', 'K', 'L', 'M', 'N', 'O', 'P',
   'Q', 'R', 'S', 'T', 'U', 'V', 'W', 'X', 'Y', 'Z', 'a', 'b', 'c', 'd', 'e', 'f',
   'g', 'h', 'i', 'j', 'k', 'l', 'm', 'n', 'o', 'p', 'q', 'r', 's', 't', 'u', 'v',
   'w', 'x', 'y', 'z', '0', '1', '2', '3', '4', '5', '6', '7', '8', '9', '~', '`',
   '!', '@', '#', '$', '%', '^', '&', '*', '(', ')', '-', '_', '=', '+', '[', '{',
   ']', '}', ';', ':',"'", '"', ',', '<', '.', '>', '\\', '?', '¡', '¢', '£', '¥',
   '§', '©', '®', '¿', 'À', 'Á', 'Â', 'Ã', 'Ä', 'Å', 'Æ', 'Ç', 'È', 'É', 'Ê', 'Ë',
   'Ì', 'Í', 'Î', 'Ï', 'Ð', 'Ñ', 'Ò', 'Ó', 'Ô', 'Õ', 'Ö', 'Ø', 'Ù', 'Ú', 'Û', 'Ü',
   'Ý', 'ß', 'à', 'á', 'â', 'ã', 'ä', 'å', 'æ', 'ç', 'è', 'é', 'ê', 'ë', 'ì', 'í',
   'î', 'ï', 'ð', 'ñ', 'ò', 'ó', 'ô', 'õ', 'ö', 'ø', 'ù', 'ú', 'û', 'ü', 'ý', 'ÿ');

Define WidthList
 (   9,  10,   9,  11,   9,   8,  10,  10,   5,   6,  10,   8,  12,   9,  11,   9,
    11,  10,   7,   9,   9,   9,  12,   9,   8,   8,   9,  10,   9,  11,   9,   8,
    10,  10,   5,   6,  10,   8,  12,   9,  10,   9,  11,  10,   7,   9,   9,   9,
    12,   9,   8,   8,  11,   5,   8,   8,  10,   8,   9,   8,   9,   9,   6,   5,
     5,  11,  10,   7,  16,   7,  12,  10,   6,   7,   6,   9,   7,   9,   4,   4,
     4,   4,   5,   4,   5,   6,   5,   6,   4,   6,  11,   7,   5,   9,   8,   8,
     7,   9,  10,   7,   9,   9,   9,   9,   9,   9,  12,   9,   9,   9,   9,   9,
     5,   5,   5,   5,  12,  12,  11,  11,  11,  11,  11,  11,   9,   9,   9,   9,
     9,  10,   9,   9,   9,   9,   9,   9,  12,   9,   9,   9,   9,   9,   5,   5,
     5,   5,  10,   9,  10,  10,  10,  10,  10,  10,   9,   9,   9,   9,   8,   8);

Define RectList
 ( (   0,  0,  9, 11), (  10,  0,  9, 11), (  20,  0,  8, 11), (  29,  0, 10, 11),
   (  40,  0,  8, 11), (  49,  0,  7, 11), (  57,  0,  9, 11), (  67,  0, 10, 11),
   (  78,  0,  4, 11), (  83,  0,  5, 11), (  89,  0, 10, 11), ( 100,  0,  8, 11),
   ( 109,  0, 11, 11), ( 121,  0,  8, 11), ( 130,  0, 10, 11), ( 141,  0,  8, 11),
   ( 150,  0, 10, 11), ( 161,  0, 10, 11), ( 172,  0,  6, 11), ( 179,  0,  9, 11),
   ( 189,  0,  7, 11), ( 197,  0,  9, 11), ( 207,  0, 12, 11), ( 220,  0,  8, 11),
   ( 229,  0,  8, 11), ( 238,  0,  8, 11), ( 247,  0,  9, 11), ( 257,  0,  9, 11),
   ( 267,  0,  8, 11), ( 276,  0, 10, 11), ( 287,  0,  8, 11), ( 296,  0,  7, 11),
   ( 304,  0,  9, 11), ( 314,  0, 10, 11), ( 325,  0,  4, 11), ( 330,  0,  5, 11),
   ( 336,  0, 10, 11), ( 347,  0,  8, 11), ( 356,  0, 11, 11), ( 368,  0,  8, 11),
   ( 377,  0,  9, 11), ( 387,  0,  8, 11), ( 396,  0, 10, 11), ( 407,  0, 10, 11),
   ( 418,  0,  6, 11), ( 425,  0,  9, 11), ( 435,  0,  7, 11), ( 443,  0,  9, 11),
   ( 453,  0, 12, 11), ( 466,  0,  8, 11), ( 475,  0,  8, 11), ( 484,  0,  8, 11),
   ( 493,  0,  9, 11), ( 503,  0,  3, 11), ( 507,  0,  8, 11), ( 516,  0,  7, 11),
   ( 524,  0, 10, 11), ( 535,  0,  7, 11), ( 543,  0,  8, 11), ( 552,  0,  7, 11),
   ( 560,  0,  7, 11), ( 568,  0,  8, 11), ( 577,  0,  5, 11), ( 583,  0,  4, 11),
   ( 588,  0,  5, 11), ( 594,  0,  9, 11), ( 604,  0,  9, 11), ( 614,  0,  7, 11),
   ( 622,  0, 15, 11), ( 638,  0,  6, 11), ( 645,  0, 12, 11), ( 658,  0,  8, 11),
   ( 667,  0,  5, 11), ( 673,  0,  6, 11), ( 680,  0,  5, 11), ( 686,  0,  0, 11),
   ( 687,  0,  5, 11), ( 693,  0,  9, 11), ( 703,  0,  4, 11), ( 708,  0,  4, 11),
   ( 713,  0,  3, 11), ( 717,  0,  4, 11), ( 722,  0,  5, 11), ( 728,  0,  3, 11),
   ( 732,  0,  4, 11), ( 737,  0,  5, 11), ( 743,  0,  4, 11), ( 748,  0,  5, 11),
   ( 754,  0,  3, 11), ( 758,  0,  5, 11), ( 764,  0, 10, 11), ( 775,  0,  6, 11),
   ( 782,  0,  7, 11), ( 790,  0, 12, 11), ( 803,  0, 12, 11), ( 816,  0, 12, 11),
   ( 829,  0,  8, 11), ( 838,  0, 12, 11), ( 851,  0, 14, 11), ( 866,  0,  8, 11),
   ( 875,  0, 13, 11), ( 889,  0, 13, 11), ( 903,  0, 13, 11), ( 917,  0, 13, 11),
   ( 931,  0, 13, 11), ( 945,  0, 13, 11), ( 959,  0, 16, 11), ( 976,  0, 12, 11),
   ( 989,  0, 12, 11), (1002,  0, 12, 11), (1015,  0, 12, 11), (1028,  0, 12, 11),
   (1041,  0,  6, 11), (1048,  0,  6, 11), (1055,  0,  6, 11), (1062,  0,  6, 11),
   (1069,  0, 16, 11), (1086,  0, 16, 11), (1103,  0, 14, 11), (1118,  0, 14, 11),
   (1133,  0, 14, 11), (1148,  0, 14, 11), (1163,  0, 14, 11), (1178,  0, 14, 11),
   (1193,  0, 11, 11), (1205,  0, 11, 11), (1217,  0, 11, 11), (1229,  0, 11, 11),
   (1241,  0, 11, 11), (1253,  0, 13, 11), (1267,  0, 13, 11), (1281,  0, 13, 11),
   (1295,  0, 13, 11), (1309,  0, 13, 11), (1323,  0, 13, 11), (1337,  0, 13, 11),
   (1351,  0, 16, 11), (1368,  0, 12, 11), (1381,  0, 12, 11), (1394,  0, 12, 11),
   (1407,  0, 12, 11), (1420,  0, 12, 11), (1433,  0,  6, 11), (1440,  0,  6, 11),
   (1447,  0,  6, 11), (1454,  0,  6, 11), (1461,  0, 13, 11), (1475,  0, 12, 11),
   (1488,  0, 13, 11), (1502,  0, 13, 11), (1516,  0, 13, 11), (1530,  0, 13, 11),
   (1544,  0, 13, 11), (1558,  0, 13, 11), (1572,  0, 11, 11), (1584,  0, 11, 11),
   (1596,  0, 11, 11), (1608,  0, 11, 11), (1620,  0, 12, 11), (1633,  0, 12, 11));

Define OffsetList
 ( ( 0, 0), ( 0, 0), ( 1, 0), ( 0, 0), ( 0, 0), ( 0, 0), ( 1, 0), ( 0, 0),
   ( 1, 0), ( 0, 0), ( 0, 0), ( 0, 0), ( 0, 0), ( 0, 0), ( 0, 0), ( 0, 0),
   ( 0, 0), ( 0, 0), ( 0, 0), ( 0, 0), ( 1, 0), ( 0, 0), ( 0, 0), ( 0, 0),
   ( 0, 0), ( 0, 0), ( 0, 0), ( 0, 0), ( 1, 0), ( 0, 0), ( 0, 0), ( 0, 0),
   ( 1, 0), ( 0, 0), ( 1, 0), ( 0, 0), ( 0, 0), ( 0, 0), ( 0, 0), ( 0, 0),
   ( 0, 0), ( 0, 0), ( 0, 0), ( 0, 0), ( 0, 0), ( 0, 0), ( 1, 0), ( 0, 0),
   ( 0, 0), ( 0, 0), ( 0, 0), ( 0, 0), ( 1, 0), ( 1, 0), ( 0, 0), ( 0, 0),
   ( 0, 0), ( 0, 0), ( 0, 0), ( 0, 0), ( 1, 0), ( 0, 0), ( 0, 0), ( 0, 0),
   ( 1, 0), ( 1, 0), ( 0, 0), ( 0, 0), ( 0, 0), ( 0, 0), ( 0, 0), ( 1, 0),
   ( 1, 0), ( 0, 0), ( 0, 0), (256, 0), ( 1, 0), ( 0, 0), ( 0, 0), ( 0, 0),
   ( 0, 0), ( 0, 0), (-1, 0), ( 0, 0), ( 0, 0), ( 0, 0), ( 0, 0), ( 0, 0),
   ( 0, 0), ( 0, 0), ( 0, 0), ( 1, 0), ( 0, 0), (-1, 0), (-2, 0), (-2, 0),
   (-1, 0), (-1, 0), (-2, 0), ( 0, 0), (-2, 0), (-2, 0), (-2, 0), (-2, 0),
   (-2, 0), (-2, 0), (-2, 0), (-1, 0), (-2, 0), (-2, 0), (-2, 0), (-2, 0),
   ( 0, 0), ( 0, 0), ( 0, 0), ( 0, 0), (-2, 0), (-2, 0), (-2, 0), (-2, 0),
   (-2, 0), (-2, 0), (-2, 0), (-2, 0), (-1, 0), (-1, 0), (-1, 0), (-1, 0),
   (-1, 0), (-2, 0), (-2, 0), (-2, 0), (-2, 0), (-2, 0), (-2, 0), (-2, 0),
   (-2, 0), (-1, 0), (-2, 0), (-2, 0), (-2, 0), (-2, 0), ( 0, 0), ( 0, 0),
   ( 0, 0), ( 0, 0), (-2, 0), (-2, 0), (-2, 0), (-2, 0), (-2, 0), (-2, 0),
   (-2, 0), (-2, 0), (-1, 0), (-1, 0), (-1, 0), (-1, 0), (-2, 0), (-2, 0));

Define KerningPairs
 ("\"A","\"a","A\"","A'","AT","AV","AW","At","Av","Aw","EW","EY","Ew","Ey","F,","F.",
  "FA","FL","Fa","Fl","K-","KO","Ko","L'","LT","LV","LW","LY","Ly","P,","P.","PA",
  "Pa","RC","RG","RT","RV","RW","RY","Rc","Rg","Ry","T,","T-","T.","T:","T;","TA",
  "TC","TH","TL","TO","TS","Ta","Tc","Th","Tl","To","Ts","V,","V-","V.","V:","V;",
  "VA","VC","VO","Va","Vc","Vo","W,","W.","W;","WA","Wa","Y,","Y-","Y.","Y:","Y;",
  "YA","YC","YO","YQ","Ya","Yc","Yo","Yq","a\"","a'","at","av","aw","ew","ey","f,",
  "f.","fa","fl","k-","ko","l'","lt","lv","lw","ly","p,","p.","pa","rc","rg","rt",
  "rv","rw","ry","t,","t-","t.","t:","t;","ta","tc","th","tl","to","ts","v,","v-",
  "v.","v:","v;","va","vc","vo","w,","w.","w;","wa","y,","y-","y.","y:","y;","yO",
  "ya","yc","yo","yq");

Define KerningValues
 (  -1,  -1,  -1,  -1,  -1,  -1,  -1,  -1,  -1,  -1,   1,   1,   1,   1,  -2,  -2,
    -1,  -1,  -1,  -1,  -1,  -1,  -1,  -1,  -1,  -1,  -1,  -1,  -1,  -3,  -2,  -2,
    -2,  -1,  -1,  -1,  -1,  -1,  -1,  -1,  -1,  -1,  -2,  -1,  -2,  -1,  -2,  -2,
    -1,  -1,  -1,  -1,  -1,  -2,  -1,  -1,  -1,  -1,  -1,  -2,  -1,  -1,  -1,  -1,
    -2,  -1,  -1,  -2,  -1,  -1,  -2,  -2,  -1,  -1,  -1,  -2,  -1,  -2,  -1,  -2,
    -2,  -1,  -1,  -1,  -2,  -1,  -1,  -1,  -1,  -1,  -1,  -1,  -1,   1,   1,  -2,
    -2,  -1,  -1,  -1,  -1,  -1,  -1,  -1,  -1,  -1,  -3,  -2,  -2,  -1,  -1,  -1,
    -1,  -1,  -1,  -2,  -1,  -2,  -1,  -2,  -2,  -1,  -1,  -1,  -1,  -1,  -2,  -1,
    -1,  -1,  -1,  -2,  -1,  -1,  -2,  -2,  -1,  -1,  -2,  -1,  -2,  -1,  -2,  -1,
    -2,  -1,  -1,  -1);

CreateLayer               Main;
LayerSetImage             Main 'Cancun10';
LayerSetAscent            Main 8;
LayerSetCharWidths        Main CharList WidthList;
LayerSetCharWidths        Main (' ') (4);
LayerSetKerningPairs      Main KerningPairs KerningValues;
LayerSetImageMap          Main CharList RectList;
LayerSetCharOffsets       Main CharList OffsetList;
LayerSetAscentPadding     Main 0;
LayerSetLineSpacingOffset Main 0;
LayerSetPointSize         Main 10;

Define Lowercase ('a', 'b', 'c', 'd', 'e', 'f', 'g', 'h', 'i', 'j', 'k', 'l', 'm', 
	 'n', 'o', 'p', 'q', 'r', 's', 't', 'u', 'v', 'w', 'x', 'y', 'z');

Define Uppercase ('A', 'B', 'C', 'D', 'E', 'F', 'G', 'H', 'I', 'J', 'K', 'L', 'M', 
	 'N', 'O', 'P', 'Q', 'R', 'S', 'T', 'U', 'V', 'W', 'X', 'Y', 'Z');

SetCharMap Lowercase Uppercase;

SetDefaultPointSize  10;
