Define CharList
 ( 'A', 'B', 'C', 'D', 'E', 'F', 'G', 'H', 'I', 'J', 'K', 'L', 'M', 'N', 'O', 'P',
   'Q', 'R', 'S', 'T', 'U', 'V', 'W', 'X', 'Y', 'Z', 'a', 'b', 'c', 'd', 'e', 'f',
   'g', 'h', 'i', 'j', 'k', 'l', 'm', 'n', 'o', 'p', 'q', 'r', 's', 't', 'u', 'v',
   'w', 'x', 'y', 'z', '0', '1', '2', '3', '4', '5', '6', '7', '8', '9', '~', '`',
   '!', '@', '#', '$', '%', '^', '&', '*', '(', ')', '-', '_', '=', '+', '[', '{',
   ']', '}', ';', ':',"'", '"', ',', '<', '.', '>', '/', '?', '¡', '¢', '£', '¥',
   '§', '©', '®', '¿', 'À', 'Á', 'Â', 'Ã', 'Ä', 'Å', 'Æ', 'Ç', 'È', 'É', 'Ê', 'Ë',
   'Ì', 'Í', 'Î', 'Ï', 'Ð', 'Ñ', 'Ò', 'Ó', 'Ô', 'Õ', 'Ö', 'Ø', 'Ù', 'Ú', 'Û', 'Ü',
   'Ý', 'ß', 'à', 'á', 'â', 'ã', 'ä', 'å', 'æ', 'ç', 'è', 'é', 'ê', 'ë', 'ì', 'í',
   'î', 'ï', 'ð', 'ñ', 'ò', 'ó', 'ô', 'õ', 'ö', 'ø', 'ù', 'ú', 'û', 'ü', 'ý', 'ÿ');

Define WidthList
 (  12,  13,  11,  14,  12,  11,  14,  13,   6,   8,  13,  11,  16,  11,  14,  12,
    14,  13,  10,  11,  12,  12,  16,  11,  11,  11,  12,  13,  11,  14,  12,  11,
    14,  13,   6,   8,  13,  11,  16,  11,  14,  12,  14,  13,  10,  11,  12,  12,
    16,  11,  11,  11,  14,   6,  11,  10,  13,  10,  12,  11,  12,  12,   8,   7,
     7,  15,  13,  10,  20,  10,   0,  13,   8,   9,   8,  12,   9,  11,   5,   6,
     5,   6,   7,   6,   7,   8,   6,   8,   6,   8,  14,   9,   7,   8,  12,  12,
    10,  15,  15,   9,  13,  12,  12,  12,  12,  12,  18,  12,  12,  12,  12,  12,
     7,   7,   8,   7,  16,  11,  14,  14,  14,  14,  14,  14,  12,  12,  12,  12,
    11,  12,  12,  12,  12,  12,  12,  12,  18,  11,  12,  12,  12,  12,   6,   6,
     6,   6,  14,  11,  14,  14,  14,  14,  14,  15,  12,  12,  12,  12,  11,  12);

Define RectList
 ( (   0,  0, 12, 23), (  13,  0, 11, 23), (  25,  0, 10, 23), (  36,  0, 12, 23),
   (  49,  0, 11, 23), (  61,  0, 10, 23), (  72,  0, 12, 23), (  85,  0, 11, 23),
   (  97,  0,  4, 23), ( 102,  0,  6, 23), ( 109,  0, 12, 23), ( 122,  0, 10, 23),
   ( 133,  0, 15, 23), ( 149,  0, 10, 23), ( 160,  0, 12, 23), ( 173,  0, 11, 23),
   ( 185,  0, 12, 23), ( 198,  0, 12, 23), ( 211,  0,  9, 23), ( 221,  0, 11, 23),
   ( 233,  0, 10, 23), ( 244,  0, 12, 23), ( 257,  0, 15, 23), ( 273,  0, 11, 23),
   ( 285,  0, 11, 23), ( 297,  0, 11, 23), ( 309,  0, 12, 23), ( 322,  0, 11, 23),
   ( 334,  0, 10, 23), ( 345,  0, 12, 23), ( 358,  0, 11, 23), ( 370,  0, 10, 23),
   ( 381,  0, 12, 23), ( 394,  0, 11, 23), ( 406,  0,  4, 23), ( 411,  0,  6, 23),
   ( 418,  0, 12, 23), ( 431,  0,  9, 23), ( 441,  0, 15, 23), ( 457,  0,  9, 23),
   ( 467,  0, 12, 23), ( 480,  0, 11, 23), ( 492,  0, 12, 23), ( 505,  0, 12, 23),
   ( 518,  0,  9, 23), ( 528,  0, 11, 23), ( 540,  0, 10, 23), ( 551,  0, 12, 23),
   ( 564,  0, 15, 23), ( 580,  0, 11, 23), ( 592,  0, 11, 23), ( 604,  0, 11, 23),
   ( 616,  0, 12, 23), ( 629,  0,  5, 23), ( 635,  0,  9, 23), ( 645,  0,  8, 23),
   ( 654,  0, 11, 23), ( 666,  0,  8, 23), ( 675,  0, 10, 23), ( 686,  0, 10, 23),
   ( 697,  0, 10, 23), ( 708,  0, 10, 23), ( 719,  0,  7, 23), ( 727,  0,  6, 23),
   ( 734,  0,  6, 23), ( 741,  0, 13, 23), ( 755,  0, 12, 23), ( 768,  0,  8, 23),
   ( 777,  0, 18, 23), ( 796,  0,  9, 23), ( 806,  0, 15, 23), ( 822,  0, 11, 23),
   ( 834,  0,  6, 23), ( 841,  0,  7, 23), ( 849,  0,  6, 23), ( 856,  0, 13, 23),
   ( 870,  0,  7, 23), ( 878,  0,  9, 23), ( 888,  0,  3, 23), ( 892,  0,  5, 23),
   ( 898,  0,  3, 23), ( 902,  0,  5, 23), ( 908,  0,  5, 23), ( 914,  0,  4, 23),
   ( 919,  0,  5, 23), ( 925,  0,  6, 23), ( 932,  0,  5, 23), ( 938,  0,  6, 23),
   ( 945,  0,  4, 23), ( 950,  0,  6, 23), ( 957,  0, 13, 23), ( 971,  0,  7, 23),
   ( 979,  0,  5, 23), ( 985,  0,  6, 23), ( 992,  0, 11, 23), (1004,  0, 11, 23),
   (1016,  0,  8, 23), (1025,  0, 13, 23), (1039,  0, 13, 23), (1053,  0,  7, 23),
   (1061,  0, 12, 23), (1074,  0, 12, 23), (1087,  0, 12, 23), (1100,  0, 12, 23),
   (1113,  0, 12, 23), (1126,  0, 12, 23), (1139,  0, 17, 23), (1157,  0, 11, 23),
   (1169,  0, 11, 23), (1181,  0, 11, 23), (1193,  0, 11, 23), (1205,  0, 10, 23),
   (1216,  0,  6, 23), (1223,  0,  6, 23), (1230,  0,  9, 23), (1240,  0,  7, 23),
   (1248,  0, 21, 23), (1270,  0,  9, 23), (1280,  0, 12, 23), (1293,  0, 12, 23),
   (1306,  0, 12, 23), (1319,  0, 12, 23), (1332,  0, 12, 23), (1345,  0, 14, 23),
   (1360,  0, 10, 23), (1371,  0, 10, 23), (1382,  0, 10, 23), (1393,  0, 10, 23),
   (1404,  0, 11, 23), (1416,  0, 10, 23), (1427,  0, 12, 23), (1440,  0, 12, 23),
   (1453,  0, 12, 23), (1466,  0, 12, 23), (1479,  0, 12, 23), (1492,  0, 12, 23),
   (1505,  0, 17, 23), (1523,  0, 11, 23), (1535,  0, 11, 23), (1547,  0, 11, 23),
   (1559,  0, 11, 23), (1571,  0, 10, 23), (1582,  0,  6, 23), (1589,  0,  6, 23),
   (1596,  0,  8, 23), (1605,  0,  7, 23), (1613,  0, 16, 23), (1630,  0,  9, 23),
   (1640,  0, 12, 23), (1653,  0, 12, 23), (1666,  0, 12, 23), (1679,  0, 12, 23),
   (1692,  0, 12, 23), (1705,  0, 14, 23), (1720,  0, 10, 23), (1731,  0, 10, 23),
   (1742,  0, 10, 23), (1753,  0, 10, 23), (1764,  0, 11, 23), (1776,  0, 10, 23));

Define OffsetList
 ( ( 0, 0), ( 1, 0), ( 1, 0), ( 1, 0), ( 0, 0), ( 0, 0), ( 1, 0), ( 1, 0),
   ( 1, 0), ( 1, 0), ( 1, 0), ( 1, 0), ( 0, 0), ( 1, 0), ( 1, 0), ( 0, 0),
   ( 1, 0), ( 0, 0), ( 0, 0), ( 0, 0), ( 1, 0), ( 0, 0), ( 0, 0), ( 0, 0),
   (-1, 0), ( 0, 0), ( 0, 0), ( 1, 0), ( 1, 0), ( 1, 0), ( 0, 0), ( 0, 0),
   ( 1, 0), ( 1, 0), ( 1, 0), ( 1, 0), ( 1, 0), ( 1, 0), ( 0, 0), ( 1, 0),
   ( 1, 0), ( 0, 0), ( 1, 0), ( 0, 0), ( 0, 0), ( 0, 0), ( 1, 0), ( 0, 0),
   ( 0, 0), ( 0, 0), (-1, 0), ( 0, 0), ( 1, 0), ( 0, 0), ( 1, 0), ( 1, 0),
   ( 1, 0), ( 1, 0), ( 1, 0), ( 0, 0), ( 1, 0), ( 1, 0), ( 0, 0), ( 0, 0),
   ( 1, 0), ( 1, 0), ( 0, 0), ( 1, 0), ( 1, 0), ( 0, 0), ( 0, 0), ( 1, 0),
   ( 1, 0), ( 1, 0), ( 1, 0), ( 0, 0), ( 1, 0), ( 1, 0), ( 1, 0), ( 0, 0),
   ( 1, 0), ( 0, 0), ( 1, 0), ( 1, 0), ( 1, 0), ( 1, 0), ( 0, 0), ( 1, 0),
   ( 1, 0), ( 1, 0), ( 0, 0), ( 1, 0), ( 1, 0), ( 1, 0), ( 0, 0), ( 0, 0),
   ( 1, 0), ( 1, 0), ( 1, 0), ( 1, 0), ( 0, 0), ( 0, 0), ( 0, 0), ( 0, 0),
   ( 0, 0), ( 0, 0), ( 0, 0), ( 0, 0), ( 0, 0), ( 0, 0), ( 0, 0), ( 1, 0),
   ( 0, 0), ( 1, 0), (-1, 0), ( 0, 0), (-3, 0), ( 1, 0), ( 1, 0), ( 1, 0),
   ( 1, 0), ( 1, 0), ( 1, 0), ( 0, 0), ( 1, 0), ( 1, 0), ( 1, 0), ( 1, 0),
   (-1, 0), ( 1, 0), ( 0, 0), ( 0, 0), ( 0, 0), ( 0, 0), ( 0, 0), ( 0, 0),
   ( 0, 0), ( 0, 0), ( 0, 0), ( 0, 0), ( 0, 0), ( 1, 0), ( 0, 0), ( 1, 0),
   (-1, 0), ( 0, 0), (-1, 0), ( 1, 0), ( 1, 0), ( 1, 0), ( 1, 0), ( 1, 0),
   ( 1, 0), ( 0, 0), ( 1, 0), ( 1, 0), ( 1, 0), ( 1, 0), (-1, 0), ( 0, 0));

Define KerningPairs
 ("\"A","\"a","A\"","A'","AT","AV","AW","AY","At","Av","Aw","Ay","EW","EY","Ew","Ey",
  "F,","F.","FA","FL","Fa","Fl","K-","KO","Ko","L'","LT","LV","LW","LY","Ly","P,",
  "P.","PA","Pa","RC","RG","RT","RV","RW","RY","Rc","Rg","Ry","T,","T-","T.","T:",
  "T;","TA","TC","TH","TL","TO","TS","Ta","Tc","Th","Tl","To","Ts","V,","V-","V.",
  "V:","V;","VA","VC","VO","Va","Vc","Vo","W,","W-","W.","W;","WA","Wa","Y,","Y-",
  "Y.","Y:","Y;","YA","YC","YO","YQ","Ya","Yc","Yo","Yq","a\"","a'","at","av","aw",
  "ay","ew","ey","f,","f.","fa","fl","k-","ko","l'","lt","lv","lw","ly","p,","p.",
  "pa","rc","rg","rt","rv","rw","ry","t,","t-","t.","t:","t;","ta","tc","th","tl",
  "to","ts","v,","v-","v.","v:","v;","va","vc","vo","w,","w-","w.","w;","wa","y,",
  "y-","y.","y:","y;","yO","ya","yc","yo","yq");

Define KerningValues
 (  -2,  -2,  -1,  -1,  -1,  -1,  -1,  -1,  -1,  -1,  -1,  -1,   1,   1,   1,   1,
    -2,  -2,  -2,  -1,  -2,  -1,  -1,  -1,  -1,  -1,  -2,  -1,  -1,  -1,  -1,  -3,
    -3,  -2,  -2,  -1,  -1,  -1,  -1,  -1,  -1,  -1,  -1,  -1,  -2,  -2,  -2,  -2,
    -2,  -2,  -1,  -1,  -1,  -1,  -2,  -2,  -1,  -1,  -1,  -1,  -2,  -2,  -1,  -2,
    -1,  -2,  -2,  -1,  -1,  -2,  -1,  -1,  -2,  -1,  -2,  -2,  -2,  -2,  -2,  -1,
    -2,  -1,  -2,  -3,  -1,  -1,  -1,  -3,  -1,  -1,  -1,  -1,  -1,  -1,  -1,  -1,
    -1,   1,   1,  -2,  -2,  -2,  -1,  -1,  -1,  -1,  -2,  -1,  -1,  -1,  -3,  -3,
    -2,  -1,  -1,  -1,  -1,  -1,  -1,  -3,  -2,  -2,  -2,  -2,  -2,  -1,  -1,  -1,
    -1,  -2,  -2,  -1,  -2,  -1,  -2,  -2,  -1,  -1,  -2,  -1,  -2,  -2,  -2,  -2,
    -1,  -2,  -1,  -2,  -1,  -3,  -1,  -1,  -1);

CreateLayer               Main;
LayerSetImage             Main 'CancunFloat14';
LayerSetAscent            Main 19;
LayerSetCharWidths        Main CharList WidthList;
LayerSetCharWidths        Main (' ') (5);
LayerSetKerningPairs      Main KerningPairs KerningValues;
LayerSetImageMap          Main CharList RectList;
LayerSetCharOffsets       Main CharList OffsetList;
LayerSetAscentPadding     Main 0;
LayerSetLineSpacingOffset Main 0;
LayerSetPointSize         Main 13;

SetDefaultPointSize  13;
