Define CharList
 ( 'A', 'B', 'C', 'D', 'E', 'F', 'G', 'H', 'I', 'J', 'K', 'L', 'M', 'N', 'O', 'P',
   'Q', 'R', 'S', 'T', 'U', 'V', 'W', 'X', 'Y', 'Z', 'a', 'b', 'c', 'd', 'e', 'f',
   'g', 'h', 'i', 'j', 'k', 'l', 'm', 'n', 'o', 'p', 'q', 'r', 's', 't', 'u', 'v',
   'w', 'x', 'y', 'z', '0', '1', '2', '3', '4', '5', '6', '7', '8', '9', '~', '`',
   '!', '@', '#', '$', '%', '^', '&', '*', '(', ')', '-', '_', '=', '+', '[', '{',
   ']', '}', ';', ':',"'", '"', ',', '<', '.', '>', '/', '?', '¡', '¢', '£', '¥',
   '§', '©', '®', '¿', 'À', 'Á', 'Â', 'Ã', 'Ä', 'Å', 'Æ', 'Ç', 'È', 'É', 'Ê', 'Ë',
   'Ì', 'Í', 'Î', 'Ï', 'Ð', 'Ñ', 'Ò', 'Ó', 'Ô', 'Õ', 'Ö', 'Ø', 'Ù', 'Ú', 'Û', 'Ü',
   'Ý', 'ß', 'à', 'á', 'â', 'ã', 'ä', 'å', 'æ', 'ç', 'è', 'é', 'ê', 'ë', 'ì', 'í',
   'î', 'ï', 'ð', 'ñ', 'ò', 'ó', 'ô', 'õ', 'ö', 'ø', 'ù', 'ú', 'û', 'ü', 'ý', 'ÿ');

Define WidthList
 (   8,   8,   7,   9,   8,   7,   9,   9,   4,   5,   9,   7,  10,   7,   9,   8,
     9,   9,   6,   7,   8,   8,  10,   7,   7,   7,   8,   8,   7,   9,   8,   7,
     9,   9,   4,   5,   9,   7,  10,   7,   9,   8,   9,   9,   6,   7,   8,   8,
    10,   7,   7,   7,   9,   4,   7,   7,   9,   6,   7,   7,   8,   8,   5,   5,
     5,  10,   9,   6,  13,   6,   0,   8,   5,   6,   5,   8,   6,   7,   3,   4,
     3,   4,   5,   4,   4,   5,   4,   5,   4,   5,   9,   6,   4,   5,   8,   8,
     7,  10,  10,   6,   8,   8,   8,   8,   8,   8,  12,   7,   8,   8,   8,   8,
     4,   4,   5,   4,  10,   7,   9,   9,   9,   9,   9,   9,   8,   8,   8,   8,
     7,   7,   8,   8,   8,   8,   8,   8,  12,   7,   8,   8,   8,   8,   4,   4,
     4,   4,   9,   7,   9,   9,   9,   9,   9,  10,   8,   8,   8,   8,   7,   8);

Define RectList
 ( (   0,  0, 11, 16), (  12,  0, 10, 16), (  23,  0, 10, 16), (  34,  0, 12, 16),
   (  47,  0, 10, 16), (  58,  0,  9, 16), (  68,  0, 11, 16), (  80,  0, 12, 16),
   (  93,  0,  6, 16), ( 100,  0,  7, 16), ( 108,  0, 13, 16), ( 122,  0, 10, 16),
   ( 133,  0, 13, 16), ( 147,  0,  9, 16), ( 157,  0, 11, 16), ( 169,  0, 10, 16),
   ( 180,  0, 11, 16), ( 192,  0, 12, 16), ( 205,  0,  8, 16), ( 214,  0, 11, 16),
   ( 226,  0, 10, 16), ( 237,  0, 11, 16), ( 249,  0, 13, 16), ( 263,  0, 10, 16),
   ( 274,  0, 10, 16), ( 285,  0, 10, 16), ( 296,  0, 11, 16), ( 308,  0, 10, 16),
   ( 319,  0, 10, 16), ( 330,  0, 12, 16), ( 343,  0, 10, 16), ( 354,  0,  9, 16),
   ( 364,  0, 11, 16), ( 376,  0, 12, 16), ( 389,  0,  6, 16), ( 396,  0,  7, 16),
   ( 404,  0, 13, 16), ( 418,  0, 10, 16), ( 429,  0, 13, 16), ( 443,  0,  9, 16),
   ( 453,  0, 11, 16), ( 465,  0, 10, 16), ( 476,  0, 11, 16), ( 488,  0, 12, 16),
   ( 501,  0,  8, 16), ( 510,  0, 11, 16), ( 522,  0, 10, 16), ( 533,  0, 11, 16),
   ( 545,  0, 13, 16), ( 559,  0, 10, 16), ( 570,  0, 10, 16), ( 581,  0, 10, 16),
   ( 592,  0, 11, 16), ( 604,  0,  6, 16), ( 611,  0, 10, 16), ( 622,  0,  9, 16),
   ( 632,  0, 11, 16), ( 644,  0,  9, 16), ( 654,  0,  9, 16), ( 664,  0,  9, 16),
   ( 674,  0, 10, 16), ( 685,  0, 10, 16), ( 696,  0,  8, 16), ( 705,  0,  7, 16),
   ( 713,  0,  7, 16), ( 721,  0, 13, 16), ( 735,  0, 11, 16), ( 747,  0,  8, 16),
   ( 756,  0, 15, 16), ( 772,  0,  8, 16), ( 781,  0, 12, 16), ( 794,  0, 10, 16),
   ( 805,  0,  8, 16), ( 814,  0,  8, 16), ( 823,  0,  8, 16), ( 832,  0, 11, 16),
   ( 844,  0,  8, 16), ( 853,  0, 10, 16), ( 864,  0,  7, 16), ( 872,  0,  7, 16),
   ( 880,  0,  6, 16), ( 887,  0,  7, 16), ( 895,  0,  7, 16), ( 903,  0,  6, 16),
   ( 910,  0,  7, 16), ( 918,  0,  7, 16), ( 926,  0,  7, 16), ( 934,  0,  7, 16),
   ( 942,  0,  6, 16), ( 949,  0,  7, 16), ( 957,  0, 12, 16), ( 970,  0,  8, 16),
   ( 979,  0,  7, 16), ( 987,  0,  8, 16), ( 996,  0, 10, 16), (1007,  0, 10, 16),
   (1018,  0, 11, 16), (1030,  0, 13, 16), (1044,  0, 13, 16), (1058,  0,  9, 16),
   (1068,  0, 11, 16), (1080,  0, 11, 16), (1092,  0, 11, 16), (1104,  0, 11, 16),
   (1116,  0, 12, 16), (1129,  0, 12, 16), (1142,  0, 14, 16), (1157,  0,  9, 16),
   (1167,  0, 10, 16), (1178,  0, 10, 16), (1189,  0, 10, 16), (1200,  0, 12, 16),
   (1213,  0,  7, 16), (1221,  0,  7, 16), (1229,  0,  9, 16), (1239,  0,  8, 16),
   (1248,  0, 17, 16), (1266,  0,  9, 16), (1276,  0, 11, 16), (1288,  0, 11, 16),
   (1300,  0, 11, 16), (1312,  0, 11, 16), (1324,  0, 11, 16), (1336,  0, 11, 16),
   (1348,  0, 10, 16), (1359,  0, 10, 16), (1370,  0, 10, 16), (1381,  0, 10, 16),
   (1392,  0, 10, 16), (1403,  0,  9, 16), (1413,  0, 11, 16), (1425,  0, 11, 16),
   (1437,  0, 11, 16), (1449,  0, 11, 16), (1461,  0, 12, 16), (1474,  0, 12, 16),
   (1487,  0, 14, 16), (1502,  0,  9, 16), (1512,  0, 10, 16), (1523,  0, 10, 16),
   (1534,  0, 10, 16), (1545,  0, 12, 16), (1558,  0,  7, 16), (1566,  0,  7, 16),
   (1574,  0,  9, 16), (1584,  0,  8, 16), (1593,  0, 15, 16), (1609,  0,  9, 16),
   (1619,  0, 11, 16), (1631,  0, 11, 16), (1643,  0, 11, 16), (1655,  0, 11, 16),
   (1667,  0, 11, 16), (1679,  0, 11, 16), (1691,  0, 10, 16), (1702,  0, 10, 16),
   (1713,  0, 10, 16), (1724,  0, 10, 16), (1735,  0, 10, 16), (1746,  0, 11, 16));

Define OffsetList
 ( (-2, 0), (-1, 0), (-1, 0), (-2, 0), (-1, 0), (-1, 0), (-1, 0), (-1, 0),
   (-1, 0), (-1, 0), (-2, 0), (-1, 0), (-2, 0), (-1, 0), (-1, 0), (-1, 0),
   (-1, 0), (-2, 0), (-1, 0), (-2, 0), (-1, 0), (-2, 0), (-2, 0), (-2, 0),
   (-2, 0), (-2, 0), (-2, 0), (-1, 0), (-1, 0), (-2, 0), (-1, 0), (-1, 0),
   (-1, 0), (-1, 0), (-1, 0), (-1, 0), (-2, 0), (-1, 0), (-2, 0), (-1, 0),
   (-1, 0), (-1, 0), (-1, 0), (-2, 0), (-1, 0), (-2, 0), (-1, 0), (-2, 0),
   (-2, 0), (-2, 0), (-2, 0), (-2, 0), (-1, 0), (-1, 0), (-1, 0), (-1, 0),
   (-1, 0), (-2, 0), (-1, 0), (-1, 0), (-1, 0), (-1, 0), (-2, 0), (-1, 0),
   (-1, 0), (-2, 0), (-1, 0), (-1, 0), (-1, 0), (-1, 0), (-1, 0), (-1, 0),
   (-1, 0), (-1, 0), (-2, 0), (-2, 0), (-1, 0), (-1, 0), (-2, 0), (-2, 0),
   (-2, 0), (-2, 0), (-1, 0), (-1, 0), (-2, 0), (-1, 0), (-2, 0), (-1, 0),
   (-1, 0), (-1, 0), (-2, 0), (-1, 0), (-2, 0), (-1, 0), (-1, 0), (-1, 0),
   (-2, 0), (-2, 0), (-2, 0), (-1, 0), (-2, 0), (-2, 0), (-2, 0), (-2, 0),
   (-2, 0), (-2, 0), (-1, 0), (-1, 0), (-1, 0), (-1, 0), (-1, 0), (-2, 0),
   (-1, 0), (-1, 0), (-2, 0), (-2, 0), (-4, 0), (-1, 0), (-1, 0), (-1, 0),
   (-1, 0), (-1, 0), (-1, 0), (-1, 0), (-1, 0), (-1, 0), (-1, 0), (-1, 0),
   (-2, 0), (-1, 0), (-2, 0), (-2, 0), (-2, 0), (-2, 0), (-2, 0), (-2, 0),
   (-1, 0), (-1, 0), (-1, 0), (-1, 0), (-1, 0), (-2, 0), (-1, 0), (-1, 0),
   (-2, 0), (-2, 0), (-3, 0), (-1, 0), (-1, 0), (-1, 0), (-1, 0), (-1, 0),
   (-1, 0), (-1, 0), (-1, 0), (-1, 0), (-1, 0), (-1, 0), (-2, 0), (-2, 0));



Define OutlineRectList
 ( (   0,  0, 11, 16), (  12,  0, 10, 16), (  23,  0, 10, 16), (  34,  0, 12, 16),
   (  47,  0, 10, 16), (  58,  0,  9, 16), (  68,  0, 11, 16), (  80,  0, 12, 16),
   (  93,  0,  6, 16), ( 100,  0,  7, 16), ( 108,  0, 13, 16), ( 122,  0, 10, 16),
   ( 133,  0, 13, 16), ( 147,  0,  9, 16), ( 157,  0, 11, 16), ( 169,  0, 10, 16),
   ( 180,  0, 11, 16), ( 192,  0, 12, 16), ( 205,  0,  8, 16), ( 214,  0, 11, 16),
   ( 226,  0, 10, 16), ( 237,  0, 11, 16), ( 249,  0, 13, 16), ( 263,  0, 10, 16),
   ( 274,  0, 10, 16), ( 285,  0, 10, 16), ( 296,  0, 11, 16), ( 308,  0, 10, 16),
   ( 319,  0, 10, 16), ( 330,  0, 12, 16), ( 343,  0, 10, 16), ( 354,  0,  9, 16),
   ( 364,  0, 11, 16), ( 376,  0, 12, 16), ( 389,  0,  6, 16), ( 396,  0,  7, 16),
   ( 404,  0, 13, 16), ( 418,  0, 10, 16), ( 429,  0, 13, 16), ( 443,  0,  9, 16),
   ( 453,  0, 11, 16), ( 465,  0, 10, 16), ( 476,  0, 11, 16), ( 488,  0, 12, 16),
   ( 501,  0,  8, 16), ( 510,  0, 11, 16), ( 522,  0, 10, 16), ( 533,  0, 11, 16),
   ( 545,  0, 13, 16), ( 559,  0, 10, 16), ( 570,  0, 10, 16), ( 581,  0, 10, 16),
   ( 592,  0, 11, 16), ( 604,  0,  6, 16), ( 611,  0, 10, 16), ( 622,  0,  9, 16),
   ( 632,  0, 11, 16), ( 644,  0,  9, 16), ( 654,  0,  9, 16), ( 664,  0,  9, 16),
   ( 674,  0, 10, 16), ( 685,  0, 10, 16), ( 696,  0,  8, 16), ( 705,  0,  7, 16),
   ( 713,  0,  7, 16), ( 721,  0, 13, 16), ( 735,  0, 11, 16), ( 747,  0,  8, 16),
   ( 756,  0, 15, 16), ( 772,  0,  8, 16), ( 781,  0, 12, 16), ( 794,  0, 10, 16),
   ( 805,  0,  8, 16), ( 814,  0,  8, 16), ( 823,  0,  8, 16), ( 832,  0, 11, 16),
   ( 844,  0,  8, 16), ( 853,  0, 10, 16), ( 864,  0,  7, 16), ( 872,  0,  7, 16),
   ( 880,  0,  6, 16), ( 887,  0,  7, 16), ( 895,  0,  7, 16), ( 903,  0,  6, 16),
   ( 910,  0,  7, 16), ( 918,  0,  7, 16), ( 926,  0,  7, 16), ( 934,  0,  7, 16),
   ( 942,  0,  6, 16), ( 949,  0,  7, 16), ( 957,  0, 12, 16), ( 970,  0,  8, 16),
   ( 979,  0,  7, 16), ( 987,  0,  8, 16), ( 996,  0, 10, 16), (1007,  0, 10, 16),
   (1018,  0, 11, 16), (1030,  0, 13, 16), (1044,  0, 13, 16), (1058,  0,  9, 16),
   (1068,  0, 11, 16), (1080,  0, 11, 16), (1092,  0, 11, 16), (1104,  0, 11, 16),
   (1116,  0, 12, 16), (1129,  0, 12, 16), (1142,  0, 14, 16), (1157,  0,  9, 16),
   (1167,  0, 10, 16), (1178,  0, 10, 16), (1189,  0, 10, 16), (1200,  0, 12, 16),
   (1213,  0,  7, 16), (1221,  0,  7, 16), (1229,  0,  9, 16), (1239,  0,  8, 16),
   (1248,  0, 17, 16), (1266,  0,  9, 16), (1276,  0, 11, 16), (1288,  0, 11, 16),
   (1300,  0, 11, 16), (1312,  0, 11, 16), (1324,  0, 11, 16), (1336,  0, 11, 16),
   (1348,  0, 10, 16), (1359,  0, 10, 16), (1370,  0, 10, 16), (1381,  0, 10, 16),
   (1392,  0, 10, 16), (1403,  0,  9, 16), (1413,  0, 11, 16), (1425,  0, 11, 16),
   (1437,  0, 11, 16), (1449,  0, 11, 16), (1461,  0, 12, 16), (1474,  0, 12, 16),
   (1487,  0, 14, 16), (1502,  0,  9, 16), (1512,  0, 10, 16), (1523,  0, 10, 16),
   (1534,  0, 10, 16), (1545,  0, 12, 16), (1558,  0,  7, 16), (1566,  0,  7, 16),
   (1574,  0,  9, 16), (1584,  0,  8, 16), (1593,  0, 15, 16), (1609,  0,  9, 16),
   (1619,  0, 11, 16), (1631,  0, 11, 16), (1643,  0, 11, 16), (1655,  0, 11, 16),
   (1667,  0, 11, 16), (1679,  0, 11, 16), (1691,  0, 10, 16), (1702,  0, 10, 16),
   (1713,  0, 10, 16), (1724,  0, 10, 16), (1735,  0, 10, 16), (1746,  0, 11, 16));

Define OutlineOffsetList
 ( (-2, 0), (-1, 0), (-1, 0), (-2, 0), (-1, 0), (-1, 0), (-1, 0), (-1, 0),
   (-1, 0), (-1, 0), (-2, 0), (-1, 0), (-2, 0), (-1, 0), (-1, 0), (-1, 0),
   (-1, 0), (-2, 0), (-1, 0), (-2, 0), (-1, 0), (-2, 0), (-2, 0), (-2, 0),
   (-2, 0), (-2, 0), (-2, 0), (-1, 0), (-1, 0), (-2, 0), (-1, 0), (-1, 0),
   (-1, 0), (-1, 0), (-1, 0), (-1, 0), (-2, 0), (-1, 0), (-2, 0), (-1, 0),
   (-1, 0), (-1, 0), (-1, 0), (-2, 0), (-1, 0), (-2, 0), (-1, 0), (-2, 0),
   (-2, 0), (-2, 0), (-2, 0), (-2, 0), (-1, 0), (-1, 0), (-1, 0), (-1, 0),
   (-1, 0), (-2, 0), (-1, 0), (-1, 0), (-1, 0), (-1, 0), (-2, 0), (-1, 0),
   (-1, 0), (-2, 0), (-1, 0), (-1, 0), (-1, 0), (-1, 0), (-1, 0), (-1, 0),
   (-1, 0), (-1, 0), (-2, 0), (-2, 0), (-1, 0), (-1, 0), (-2, 0), (-2, 0),
   (-2, 0), (-2, 0), (-1, 0), (-1, 0), (-2, 0), (-1, 0), (-2, 0), (-1, 0),
   (-1, 0), (-1, 0), (-2, 0), (-1, 0), (-2, 0), (-1, 0), (-1, 0), (-1, 0),
   (-2, 0), (-2, 0), (-2, 0), (-1, 0), (-2, 0), (-2, 0), (-2, 0), (-2, 0),
   (-2, 0), (-2, 0), (-1, 0), (-1, 0), (-1, 0), (-1, 0), (-1, 0), (-2, 0),
   (-1, 0), (-1, 0), (-2, 0), (-2, 0), (-4, 0), (-1, 0), (-1, 0), (-1, 0),
   (-1, 0), (-1, 0), (-1, 0), (-1, 0), (-1, 0), (-1, 0), (-1, 0), (-1, 0),
   (-2, 0), (-1, 0), (-2, 0), (-2, 0), (-2, 0), (-2, 0), (-2, 0), (-2, 0),
   (-1, 0), (-1, 0), (-1, 0), (-1, 0), (-1, 0), (-2, 0), (-1, 0), (-1, 0),
   (-2, 0), (-2, 0), (-3, 0), (-1, 0), (-1, 0), (-1, 0), (-1, 0), (-1, 0),
   (-1, 0), (-1, 0), (-1, 0), (-1, 0), (-1, 0), (-1, 0), (-2, 0), (-2, 0));



Define KerningPairs
 ("\"A","\"a","A\"","AT","At","F,","F.","FA","FL","Fa","Fl","K-","L'","LT","LV","LW",
  "LY","Ly","P,","P.","PA","Pa","RC","RT","RW","RY","Rc","Ry","T,","T-","T.","T:",
  "T;","TA","TC","TH","TO","TS","Ta","Tc","Th","To","Ts","V,","V-","V.","V:","V;",
  "VA","VC","VO","Va","Vc","Vo","W,","W.","W;","WA","Wa","Y,","Y-","Y.","Y:","Y;",
  "YA","YO","YQ","Ya","Yo","Yq","a\"","at","f,","f.","fa","fl","k-","l'","lt","lv",
  "lw","ly","p,","p.","pa","rc","rt","rw","ry","t,","t-","t.","t:","t;","ta","tc",
  "th","to","ts","v,","v-","v.","v:","v;","va","vc","vo","w,","w.","w;","wa","y,",
  "y-","y.","y:","y;","yO","ya","yo","yq");

Define KerningValues
 (  -1,  -1,  -1,  -1,  -1,  -1,  -1,  -1,  -1,  -1,  -1,  -1,  -1,  -1,  -1,  -1,
    -1,  -1,  -2,  -2,  -1,  -1,  -1,  -1,  -1,  -1,  -1,  -1,  -1,  -1,  -1,  -1,
    -1,  -2,  -1,  -1,  -1,  -1,  -2,  -1,  -1,  -1,  -1,  -1,  -1,  -1,  -1,  -1,
    -1,  -1,  -1,  -1,  -1,  -1,  -1,  -1,  -1,  -1,  -1,  -2,  -1,  -2,  -1,  -2,
    -2,  -1,  -1,  -2,  -1,  -1,  -1,  -1,  -1,  -1,  -1,  -1,  -1,  -1,  -1,  -1,
    -1,  -1,  -2,  -2,  -1,  -1,  -1,  -1,  -1,  -2,  -1,  -1,  -1,  -1,  -2,  -1,
    -1,  -1,  -1,  -1,  -1,  -1,  -1,  -1,  -1,  -1,  -1,  -1,  -1,  -1,  -1,  -2,
    -1,  -2,  -1,  -2,  -1,  -2,  -1,  -1);

CreateLayer               Main;
LayerSetImage             Main 'Cancun8';
LayerSetAscent            Main 14;
LayerSetCharWidths        Main CharList WidthList;
LayerSetCharWidths        Main (' ') (4);
LayerSetKerningPairs      Main KerningPairs KerningValues;
LayerSetImageMap          Main CharList RectList;
LayerSetCharOffsets       Main CharList OffsetList;
LayerSetAscentPadding     Main 6;
LayerSetLineSpacingOffset Main -6;
LayerSetPointSize         Main 8;

CreateLayer               Outline;
LayerSetImage             Outline 'CancunFAT8';
LayerSetAscent            Outline 14;
LayerSetCharWidths        Outline CharList WidthList;
LayerSetCharWidths        Outline (' ') (4);
LayerSetKerningPairs      Outline KerningPairs KerningValues;
LayerSetImageMap          Outline CharList OutlineRectList;
LayerSetCharOffsets       Outline CharList OutlineOffsetList;
LayerSetAscentPadding     Outline 6;
LayerSetLineSpacingOffset Outline -6;
LayerSetPointSize         Outline 8;
LayerSetColorMult		  Outline (0, 0, 0, 1);
LayerSetColorAdd		  Outline (1.0, 0.82, 0.5, 1);
LayerSetBaseOrder		  Outline -1;
LayerRequireTags		  Outline ("Outline");


Define Lowercase ('a', 'b', 'c', 'd', 'e', 'f', 'g', 'h', 'i', 'j', 'k', 'l', 'm', 
	 'n', 'o', 'p', 'q', 'r', 's', 't', 'u', 'v', 'w', 'x', 'y', 'z');

Define Uppercase ('A', 'B', 'C', 'D', 'E', 'F', 'G', 'H', 'I', 'J', 'K', 'L', 'M', 
	 'N', 'O', 'P', 'Q', 'R', 'S', 'T', 'U', 'V', 'W', 'X', 'Y', 'Z');

SetCharMap Lowercase Uppercase;

SetDefaultPointSize  8;
