Define CharList
 ( 'A', 'B', 'C', 'D', 'E', 'F', 'G', 'H', 'I', 'J', 'K', 'L', 'M', 'N', 'O', 'P',
   'Q', 'R', 'S', 'T', 'U', 'V', 'W', 'X', 'Y', 'Z', 'a', 'b', 'c', 'd', 'e', 'f',
   'g', 'h', 'i', 'j', 'k', 'l', 'm', 'n', 'o', 'p', 'q', 'r', 's', 't', 'u', 'v',
   'w', 'x', 'y', 'z', '0', '1', '2', '3', '4', '5', '6', '7', '8', '9', '~', '`',
   '!', '@', '#', '$', '%', '^', '&', '*', '(', ')', '-', '_', '=', '+', '[', '{',
   ']', '}', ';', ':',"'", '"', ',', '<', '.', '>', '/', '?', '¡', '¢', '£', '¥',
   '§', '©', '®', '¿', 'À', 'Á', 'Â', 'Ã', 'Ä', 'Å', 'Æ', 'Ç', 'È', 'É', 'Ê', 'Ë',
   'Ì', 'Í', 'Î', 'Ñ', 'Ò', 'Ó', 'Ô', 'Õ', 'Ö', 'Ø', 'Ù', 'Ú', 'Û', 'Ü', 'Ý', 'ß',
   'à', 'á', 'â', 'ã', 'ä', 'å', 'æ', 'ç', 'è', 'é', 'ê', 'ë', 'ì', 'í', 'î', 'ñ',
   'ò', 'ó', 'ô', 'õ', 'ö', 'ø', 'ù', 'ú', 'û', 'ü', 'ý', 'ÿ');

Define WidthList
 (  11,  12,  10,  13,  10,  10,  12,  12,   6,   7,  12,   9,  14,  10,  12,  11,
    13,  12,   9,  10,  11,  11,  14,  10,  10,  10,  11,  12,  10,  13,  10,  10,
    12,  12,   6,   7,  12,  10,  14,  10,  12,  11,  13,  12,   9,  10,  11,  11,
    14,  10,  10,  10,  13,   5,  10,   9,  12,   9,  10,  10,  10,  11,   7,   6,
     6,  13,  12,   8,  18,   8,   0,  11,   7,   8,   7,  10,   8,  10,   5,   5,
     5,   5,   6,   5,   6,   7,   6,   7,   5,   7,  13,   8,   6,   7,  11,  10,
     9,  13,  13,   8,  11,  11,  11,  11,  11,  11,  16,  10,  11,  11,  11,  11,
     6,   6,   7,  10,  12,  12,  12,  12,  12,  13,  11,  11,  11,  11,  10,  10,
    11,  11,  11,  11,  11,  11,  16,  10,  11,  11,  11,  11,   6,   6,   6,  10,
    12,  12,  12,  12,  12,  13,  11,  11,  11,  11,  10,  10);

Define RectList
 ( (   0,  0, 10, 21), (  11,  0, 10, 21), (  22,  0,  8, 21), (  31,  0, 11, 21),
   (  43,  0,  9, 21), (  53,  0,  8, 21), (  62,  0, 10, 21), (  73,  0, 10, 21),
   (  84,  0,  3, 21), (  88,  0,  5, 21), (  94,  0, 11, 21), ( 106,  0,  9, 21),
   ( 116,  0, 12, 21), ( 129,  0,  8, 21), ( 138,  0, 10, 21), ( 149,  0,  9, 21),
   ( 159,  0, 11, 21), ( 171,  0, 10, 21), ( 182,  0,  8, 21), ( 191,  0, 10, 21),
   ( 202,  0,  9, 21), ( 212,  0, 10, 21), ( 223,  0, 13, 21), ( 237,  0,  9, 21),
   ( 247,  0,  9, 21), ( 257,  0,  9, 21), ( 267,  0, 10, 21), ( 278,  0, 10, 21),
   ( 289,  0,  8, 21), ( 298,  0, 11, 21), ( 310,  0,  9, 21), ( 320,  0,  8, 21),
   ( 329,  0, 10, 21), ( 340,  0, 10, 21), ( 351,  0,  3, 21), ( 355,  0,  5, 21),
   ( 361,  0, 11, 21), ( 373,  0,  8, 21), ( 382,  0, 12, 21), ( 395,  0,  8, 21),
   ( 404,  0, 10, 21), ( 415,  0,  9, 21), ( 425,  0, 11, 21), ( 437,  0, 10, 21),
   ( 448,  0,  8, 21), ( 457,  0, 10, 21), ( 468,  0,  9, 21), ( 478,  0, 10, 21),
   ( 489,  0, 13, 21), ( 503,  0,  9, 21), ( 513,  0,  9, 21), ( 523,  0,  9, 21),
   ( 533,  0, 11, 21), ( 545,  0,  3, 21), ( 549,  0,  8, 21), ( 558,  0,  7, 21),
   ( 566,  0, 10, 21), ( 577,  0,  7, 21), ( 585,  0,  8, 21), ( 594,  0,  8, 21),
   ( 603,  0,  8, 21), ( 612,  0,  9, 21), ( 622,  0,  6, 21), ( 629,  0,  4, 21),
   ( 634,  0,  4, 21), ( 639,  0, 11, 21), ( 651,  0, 10, 21), ( 662,  0,  6, 21),
   ( 669,  0, 16, 21), ( 686,  0,  7, 21), ( 694,  0, 11, 21), ( 706,  0,  9, 21),
   ( 716,  0,  5, 21), ( 722,  0,  6, 21), ( 729,  0,  5, 21), ( 735,  0, 11, 21),
   ( 747,  0,  6, 21), ( 754,  0,  8, 21), ( 763,  0,  3, 21), ( 767,  0,  3, 21),
   ( 771,  0,  3, 21), ( 775,  0,  3, 21), ( 779,  0,  4, 21), ( 784,  0,  3, 21),
   ( 788,  0,  4, 21), ( 793,  0,  5, 21), ( 799,  0,  4, 21), ( 804,  0,  5, 21),
   ( 810,  0,  3, 21), ( 814,  0,  5, 21), ( 820,  0, 11, 21), ( 832,  0,  6, 21),
   ( 839,  0,  4, 21), ( 844,  0,  5, 21), ( 850,  0,  9, 21), ( 860,  0,  9, 21),
   ( 870,  0,  7, 21), ( 878,  0, 11, 21), ( 890,  0, 11, 21), ( 902,  0,  6, 21),
   ( 909,  0, 10, 21), ( 920,  0, 10, 21), ( 931,  0, 10, 21), ( 942,  0, 10, 21),
   ( 953,  0, 10, 21), ( 964,  0, 11, 21), ( 976,  0, 15, 21), ( 992,  0,  8, 21),
   (1001,  0,  9, 21), (1011,  0,  9, 21), (1021,  0,  9, 21), (1031,  0,  9, 21),
   (1041,  0,  5, 21), (1047,  0,  4, 21), (1052,  0,  7, 21), (1060,  0,  8, 21),
   (1069,  0, 10, 21), (1080,  0, 10, 21), (1091,  0, 10, 21), (1102,  0, 10, 21),
   (1113,  0, 10, 21), (1124,  0, 11, 21), (1136,  0,  9, 21), (1146,  0,  9, 21),
   (1156,  0,  9, 21), (1166,  0,  9, 21), (1176,  0,  9, 21), (1186,  0,  8, 21),
   (1195,  0, 10, 21), (1206,  0, 10, 21), (1217,  0, 10, 21), (1228,  0, 10, 21),
   (1239,  0, 10, 21), (1250,  0, 11, 21), (1262,  0, 15, 21), (1278,  0,  8, 21),
   (1287,  0,  9, 21), (1297,  0,  9, 21), (1307,  0,  9, 21), (1317,  0,  9, 21),
   (1327,  0,  5, 21), (1333,  0,  4, 21), (1338,  0,  7, 21), (1346,  0,  8, 21),
   (1355,  0, 10, 21), (1366,  0, 10, 21), (1377,  0, 10, 21), (1388,  0, 10, 21),
   (1399,  0, 10, 21), (1410,  0, 11, 21), (1422,  0,  9, 21), (1432,  0,  9, 21),
   (1442,  0,  9, 21), (1452,  0,  9, 21), (1462,  0,  9, 21), (1472,  0,  9, 21));

Define OffsetList
 ( ( 0, 0), ( 1, 0), ( 1, 0), ( 1, 0), ( 0, 0), ( 1, 0), ( 1, 0), ( 1, 0),
   ( 1, 0), ( 1, 0), ( 1, 0), ( 1, 0), ( 1, 0), ( 1, 0), ( 1, 0), ( 1, 0),
   ( 1, 0), ( 0, 0), ( 0, 0), ( 0, 0), ( 1, 0), ( 0, 0), ( 0, 0), ( 0, 0),
   ( 0, 0), ( 0, 0), ( 0, 0), ( 1, 0), ( 1, 0), ( 1, 0), ( 0, 0), ( 1, 0),
   ( 1, 0), ( 1, 0), ( 1, 0), ( 1, 0), ( 1, 0), ( 1, 0), ( 1, 0), ( 1, 0),
   ( 1, 0), ( 1, 0), ( 1, 0), ( 0, 0), ( 0, 0), ( 0, 0), ( 1, 0), ( 0, 0),
   ( 0, 0), ( 0, 0), ( 0, 0), ( 0, 0), ( 1, 0), ( 1, 0), ( 1, 0), ( 1, 0),
   ( 1, 0), ( 1, 0), ( 1, 0), ( 1, 0), ( 1, 0), ( 1, 0), ( 0, 0), ( 1, 0),
   ( 1, 0), ( 1, 0), ( 1, 0), ( 1, 0), ( 1, 0), ( 0, 0), ( 2, 0), ( 1, 0),
   ( 1, 0), ( 1, 0), ( 1, 0), ( 0, 0), ( 1, 0), ( 1, 0), ( 1, 0), ( 1, 0),
   ( 1, 0), ( 1, 0), ( 1, 0), ( 1, 0), ( 1, 0), ( 1, 0), ( 1, 0), ( 1, 0),
   ( 1, 0), ( 1, 0), ( 1, 0), ( 1, 0), ( 1, 0), ( 1, 0), ( 1, 0), ( 0, 0),
   ( 1, 0), ( 1, 0), ( 1, 0), ( 1, 0), ( 0, 0), ( 0, 0), ( 0, 0), ( 0, 0),
   ( 0, 0), ( 0, 0), ( 0, 0), ( 1, 0), ( 1, 0), ( 1, 0), ( 1, 0), ( 1, 0),
   ( 0, 0), ( 1, 0), ( 0, 0), ( 1, 0), ( 1, 0), ( 1, 0), ( 1, 0), ( 1, 0),
   ( 1, 0), ( 1, 0), ( 1, 0), ( 1, 0), ( 1, 0), ( 1, 0), ( 0, 0), ( 1, 0),
   ( 0, 0), ( 0, 0), ( 0, 0), ( 0, 0), ( 0, 0), ( 0, 0), ( 0, 0), ( 1, 0),
   ( 1, 0), ( 1, 0), ( 1, 0), ( 1, 0), ( 0, 0), ( 1, 0), ( 0, 0), ( 1, 0),
   ( 1, 0), ( 1, 0), ( 1, 0), ( 1, 0), ( 1, 0), ( 1, 0), ( 1, 0), ( 1, 0),
   ( 1, 0), ( 1, 0), ( 0, 0), ( 0, 0));

Define KerningPairs
 ("\"A","\"a","A\"","A'","AT","AV","AW","At","Av","Aw","EW","EY","Ew","Ey","F,","F.",
  "FA","FL","Fa","Fl","K-","KO","Ko","L'","LT","LV","LW","LY","Ly","P,","P.","PA",
  "Pa","RC","RG","RT","RV","RW","RY","Rc","Rg","Ry","T,","T-","T.","T:","T;","TA",
  "TC","TH","TL","TO","TS","Ta","Tc","Th","Tl","To","Ts","V,","V-","V.","V:","V;",
  "VA","VC","VO","Va","Vc","Vo","W,","W-","W.","W;","WA","Wa","Y,","Y-","Y.","Y:",
  "Y;","YA","YC","YO","YQ","Ya","Yc","Yo","Yq","a\"","a'","at","av","aw","ew","ey",
  "f,","f.","fa","fl","k-","ko","l'","lt","lv","lw","ly","p,","p.","pa","rc","rg",
  "rt","rv","rw","ry","t,","t-","t.","t:","t;","ta","tc","th","tl","to","ts","v,",
  "v-","v.","v:","v;","va","vc","vo","w,","w-","w.","w;","wa","y,","y-","y.","y:",
  "y;","yO","ya","yc","yo","yq");

Define KerningValues
 (  -2,  -2,  -1,  -1,  -1,  -1,  -1,  -1,  -1,  -1,   1,   1,   1,   1,  -2,  -2,
    -1,  -1,  -1,  -1,  -1,  -1,  -1,  -1,  -1,  -1,  -1,  -1,  -1,  -3,  -3,  -2,
    -2,  -1,  -1,  -1,  -1,  -1,  -1,  -1,  -1,  -1,  -2,  -2,  -2,  -1,  -2,  -2,
    -1,  -1,  -1,  -1,  -1,  -2,  -1,  -1,  -1,  -1,  -1,  -2,  -1,  -1,  -1,  -2,
    -2,  -1,  -1,  -2,  -1,  -1,  -2,  -1,  -2,  -1,  -1,  -1,  -2,  -1,  -2,  -1,
    -2,  -2,  -1,  -1,  -1,  -2,  -1,  -1,  -1,  -1,  -1,  -1,  -1,  -1,   1,   1,
    -2,  -2,  -1,  -1,  -1,  -1,  -1,  -1,  -1,  -1,  -1,  -3,  -3,  -2,  -1,  -1,
    -1,  -1,  -1,  -1,  -2,  -2,  -2,  -1,  -2,  -2,  -1,  -1,  -1,  -1,  -1,  -2,
    -1,  -1,  -1,  -2,  -2,  -1,  -1,  -2,  -1,  -2,  -1,  -1,  -2,  -1,  -2,  -1,
    -2,  -1,  -2,  -1,  -1,  -1);

CreateLayer               Main;
LayerSetImage             Main 'Cancun12';
LayerSetAscent            Main 17;
LayerSetCharWidths        Main CharList WidthList;
LayerSetCharWidths        Main (' ') (5);
LayerSetKerningPairs      Main KerningPairs KerningValues;
LayerSetImageMap          Main CharList RectList;
LayerSetCharOffsets       Main CharList OffsetList;
LayerSetAscentPadding     Main 0;
LayerSetLineSpacingOffset Main 0;
LayerSetPointSize         Main 11;

SetDefaultPointSize  11;
