Define CharList
 ( 'A', 'B', 'C', 'D', 'E', 'F', 'G', 'H', 'I', 'J', 'K', 'L', 'M', 'N', 'O', 'P',
   'Q', 'R', 'S', 'T', 'U', 'V', 'W', 'X', 'Y', 'Z', 'a', 'b', 'c', 'd', 'e', 'f',
   'g', 'h', 'i', 'j', 'k', 'l', 'm', 'n', 'o', 'p', 'q', 'r', 's', 't', 'u', 'v',
   'w', 'x', 'y', 'z', '0', '1', '2', '3', '4', '5', '6', '7', '8', '9', '~', '`',
   '!', '@', '#', '$', '%', '^', '&', '*', '(', ')', '-', '_', '=', '+', '[', '{',
   ']', '}', ';', ':',"'", '"', ',', '<', '.', '>', '/', '?', '¡', '¢', '£', '¥',
   '§', '©', '®', '¿', 'À', 'Á', 'Â', 'Ã', 'Ä', 'Å', 'Æ', 'Ç', 'È', 'É', 'Ê', 'Ë',
   'Ì', 'Í', 'Î', 'Ï', 'Ð', 'Ñ', 'Ò', 'Ó', 'Ô', 'Õ', 'Ö', 'Ø', 'Ù', 'Ú', 'Û', 'Ü',
   'Ý', 'ß', 'à', 'á', 'â', 'ã', 'ä', 'å', 'æ', 'ç', 'è', 'é', 'ê', 'ë', 'ì', 'í',
   'î', 'ï', 'ð', 'ñ', 'ò', 'ó', 'ô', 'õ', 'ö', 'ø', 'ù', 'ú', 'û', 'ü', 'ý', 'ÿ');

Define WidthList
(   20,  17,  21,  20,  16,  15,  19,  21,  10,  19,  23,  13,  25,  20,  24,  18,
    24,  20,  19,  14,  19,  19,  22,  18,  18,  15,  19,  17,  21,  20,  16,  16,
    19,  19,  13,  19,  20,  15,  22,  20,  24,  18,  18,  20,  19,  14,  20,  19,
    28,  18,  19,  15,  24,  10,  19,  17,  18,  19,  17,  14,  21,  17,  20,   9,
     9,  24,  19,  18,  20,  19,  17,  15,  19,  19,  20,  20,  20,  19,  11,  19,
    15,  19,   9,   9,   9,  14,   9,  19,   9,  19,  18,  19,   9,  21,  12,  18,
    19,  21,  20,  19,  20,  20,  20,  20,  20,  20,  22,  21,  16,  16,  16,  16,
    10,  10,  10,  10,  22,  22,  24,  24,  24,  24,  24,  24,  19,  19,  19,  19,
    19,  17,  19,  19,  19,  19,  19,  19,  22,  21,  16,  16,  16,  16,  13,  13,
    13,  13,  24,  20,  24,  24,  24,  24,  24,  24,  20,  20,  20,  20,  19,  19);
     
Define RectList
 ( (   0,  0, 23, 36), (  24,  0, 20, 36), (  45,  0, 31, 36), (  77,  0, 23, 36),
   ( 101,  0, 19, 36), ( 121,  0, 20, 36), ( 142,  0, 22, 36), ( 165,  0, 31, 36),
   ( 197,  0, 12, 36), ( 210,  0, 20, 36), ( 231,  0, 36, 36), ( 268,  0, 21, 36),
   ( 290,  0, 35, 36), ( 326,  0, 22, 36), ( 349,  0, 28, 36), ( 378,  0, 21, 36),
   ( 400,  0, 28, 36), ( 429,  0, 23, 36), ( 453,  0, 22, 36), ( 476,  0, 17, 36),
   ( 494,  0, 21, 36), ( 516,  0, 23, 36), ( 540,  0, 24, 36), ( 565,  0, 22, 36),
   ( 588,  0, 22, 36), ( 611,  0, 18, 36), ( 630,  0, 23, 36), ( 654,  0, 20, 36),
   ( 675,  0, 24, 36), ( 700,  0, 22, 36), ( 723,  0, 20, 36), ( 744,  0, 19, 36),
   ( 764,  0, 22, 36), ( 787,  0, 21, 36), ( 809,  0, 17, 36), ( 827,  0, 23, 36),
   ( 851,  0, 22, 36), ( 874,  0, 18, 36), ( 893,  0, 24, 36), ( 918,  0, 22, 36),
   ( 941,  0, 28, 36), ( 970,  0, 21, 36), ( 992,  0, 21, 36), (1014,  0, 23, 36),
   (1038,  0, 22, 36), (1061,  0, 17, 36), (1079,  0, 23, 36), (1103,  0, 23, 36),
   (1127,  0, 32, 36), (1160,  0, 22, 36), (1183,  0, 23, 36), (1207,  0, 18, 36),
   (1226,  0, 28, 36), (1255,  0, 12, 36), (1268,  0, 22, 36), (1291,  0, 21, 36),
   (1313,  0, 21, 36), (1335,  0, 22, 36), (1358,  0, 20, 36), (1379,  0, 18, 36),
   (1398,  0, 25, 36), (1424,  0, 20, 36), (1445,  0, 29, 36), (1475,  0, 11, 36),
   (1487,  0, 12, 36), (1500,  0, 28, 36), (1529,  0, 23, 36), (1553,  0, 22, 36),
   (1576,  0, 23, 36), (1600,  0, 21, 36), (1622,  0, 21, 36), (1644,  0, 17, 36),
   (1662,  0, 22, 36), (1685,  0, 23, 36), (1709,  0, 23, 36), (1733,  0, 25, 36),
   (1759,  0, 23, 36), (1783,  0, 23, 36), (1807,  0, 17, 36), (1825,  0, 28, 36),
   (1854,  0, 17, 36), (1872,  0, 29, 36), (1902,  0, 11, 36), (1914,  0, 11, 36),
   (1926,  0, 11, 36), (1938,  0, 16, 36), (1955,  0, 11, 36), (1967,  0, 22, 36),
   (1990,  0, 11, 36), (2002,  0, 22, 36), (2025,  0, 21, 36), (2047,  0, 22, 36),
   (2070,  0, 14, 36), (2085,  0, 30, 36), (2116,  0, 27, 36), (2144,  0, 28, 36),
   (2173,  0, 28, 36), (2202,  0, 30, 36), (2233,  0, 29, 36), (2263,  0, 28, 36),
   (2292,  0, 29, 36), (2322,  0, 29, 36), (2352,  0, 29, 36), (2382,  0, 29, 36),
   (2412,  0, 29, 36), (2442,  0, 29, 36), (2472,  0, 30, 36), (2503,  0, 39, 36),
   (2543,  0, 23, 36), (2567,  0, 23, 36), (2591,  0, 23, 36), (2615,  0, 23, 36),
   (2639,  0, 14, 36), (2654,  0, 14, 36), (2669,  0, 14, 36), (2684,  0, 14, 36),
   (2699,  0, 30, 36), (2730,  0, 30, 36), (2761,  0, 36, 36), (2798,  0, 36, 36),
   (2835,  0, 36, 36), (2872,  0, 36, 36), (2909,  0, 36, 36), (2946,  0, 36, 36),
   (2983,  0, 27, 36), (3011,  0, 27, 36), (3039,  0, 27, 36), (3067,  0, 27, 36),
   (3095,  0, 27, 36), (3123,  0, 24, 36), (3148,  0, 29, 36), (3178,  0, 29, 36),
   (3208,  0, 29, 36), (3238,  0, 29, 36), (3268,  0, 29, 36), (3298,  0, 29, 36),
   (3328,  0, 30, 36), (3359,  0, 30, 36), (3390,  0, 24, 36), (3415,  0, 24, 36),
   (3440,  0, 24, 36), (3465,  0, 24, 36), (3490,  0, 21, 36), (3512,  0, 21, 36),
   (3534,  0, 21, 36), (3556,  0, 21, 36), (3578,  0, 36, 36), (3615,  0, 28, 36),
   (3644,  0, 36, 36), (3681,  0, 36, 36), (3718,  0, 36, 36), (3755,  0, 36, 36),
   (3792,  0, 36, 36), (3829,  0, 36, 36), (3866,  0, 29, 36), (3896,  0, 29, 36),
   (3926,  0, 29, 36), (3956,  0, 29, 36), (3986,  0, 29, 36), (4016,  0, 29, 36));

Define OffsetList
 ( (-4, 0), (-3, 0), (-4, 0), (-3, 0), (-3, 0), (-4, 0), (-3, 0), (-3, 0),
   (-3, 0), (-3, 0), (-3, 0), (-3, 0), (-11, 0), (-3, 0), (-4, 0), (-3, 0),
   (-4, 0), (-3, 0), (-4, 0), (-3, 0), (-3, 0), (-4, 0), (-3, 0), (-4, 0),
   (-4, 0), (-4, 0), (-4, 0), (-3, 0), (-4, 0), (-3, 0), (-4, 0), (-3, 0),
   (-3, 0), (-3, 0), (-4, 0), (-4, 0), (-3, 0), (-3, 0), (-3, 0), (-3, 0),
   (-4, 0), (-3, 0), (-4, 0), (-4, 0), (-4, 0), (-3, 0), (-3, 0), (-4, 0),
   (-4, 0), (-4, 0), (-4, 0), (-4, 0), (-3, 0), (-3, 0), (-3, 0), (-4, 0),
   (-4, 0), (-3, 0), (-3, 0), (-4, 0), (-4, 0), (-4, 0), (-7, 0), (-3, 0),
   (-3, 0), (-4, 0), (-4, 0), (-4, 0), (-4, 0), (-3, 0), (-4, 0), (-3, 0),
   (-4, 0), (-4, 0), (-4, 0), (-4, 0), (-4, 0), (-4, 0), (-3, 0), (-7, 0),
   (-3, 0), (-7, 0), (-3, 0), (-3, 0), (-3, 0), (-3, 0), (-3, 0), (-4, 0),
   (-3, 0), (-4, 0), (-4, 0), (-4, 0), (-4, 0), (-7, 0), (-6, 0), (-7, 0),
   (-7, 0), (-7, 0), (-6, 0), (-7, 0), (-7, 0), (-7, 0), (-7, 0), (-7, 0),
   (-7, 0), (-7, 0), (-6, 0), (-8, 0), (-5, 0), (-5, 0), (-5, 0), (-5, 0),
   (-4, 0), (-4, 0), (-4, 0), (-4, 0), (-6, 0), (-6, 0), (-8, 0), (-8, 0),
   (-8, 0), (-8, 0), (-8, 0), (-8, 0), (-6, 0), (-6, 0), (-6, 0), (-6, 0),
   (-6, 0), (-5, 0), (-7, 0), (-7, 0), (-7, 0), (-7, 0), (-7, 0), (-7, 0),
   (-6, 0), (-7, 0), (-6, 0), (-6, 0), (-6, 0), (-6, 0), (-6, 0), (-6, 0),
   (-6, 0), (-6, 0), (-8, 0), (-6, 0), (-8, 0), (-8, 0), (-8, 0), (-8, 0),
   (-8, 0), (-8, 0), (-6, 0), (-6, 0), (-6, 0), (-6, 0), (-7, 0), (-7, 0));

CreateLayer               Main;
LayerSetImage             Main 'NativeAlienExtended18';
LayerSetAscent            Main 30;
LayerSetCharWidths        Main CharList WidthList;
LayerSetCharWidths        Main (' ') (12);
LayerSetImageMap          Main CharList RectList;
LayerSetCharOffsets       Main CharList OffsetList;
LayerSetAscentPadding     Main 4;
LayerSetLineSpacingOffset Main 0;
LayerSetPointSize         Main 16;

Define MapFrom ('C', 'H', 'K', 'L', 'M', 'V', 'r');
Define MapTo   ('c', 'h', 'k', 'l', 'm', 'v', 'R');

SetCharMap	MapFrom MapTo;

SetDefaultPointSize  16;
