Define CharList
 ( 'A', 'B', 'C', 'D', 'E', 'F', 'G', 'H', 'I', 'J', 'K', 'L', 'M', 'N', 'O', 'P',
   'Q', 'R', 'S', 'T', 'U', 'V', 'W', 'X', 'Y', 'Z', 'a', 'b', 'c', 'd', 'e', 'f',
   'g', 'h', 'i', 'j', 'k', 'l', 'm', 'n', 'o', 'p', 'q', 'r', 's', 't', 'u', 'v',
   'w', 'x', 'y', 'z', '0', '1', '2', '3', '4', '5', '6', '7', '8', '9', '~', '`',
   '!', '@', '#', '$', '%', '^', '&', '*', '(', ')', '-', '_', '=', '+', '[', '{',
   ']', '}', ';', ':',"'", '"', ',', '<', '.', '>', '/', '?', '¡', '¢', '£', '¥',
   '§', '©', '®', '¿', 'À', 'Á', 'Â', 'Ã', 'Ä', 'Å', 'Æ', 'Ç', 'È', 'É', 'Ê', 'Ë',
   'Ì', 'Í', 'Î', 'Ï', 'Ð', 'Ñ', 'Ò', 'Ó', 'Ô', 'Õ', 'Ö', 'Ø', 'Ù', 'Ú', 'Û', 'Ü',
   'Ý', 'ß', 'à', 'á', 'â', 'ã', 'ä', 'å', 'æ', 'ç', 'è', 'é', 'ê', 'ë', 'ì', 'í',
   'î', 'ï', 'ð', 'ñ', 'ò', 'ó', 'ô', 'õ', 'ö', 'ø', 'ù', 'ú', 'û', 'ü', 'ý', 'ÿ');

Define WidthList
 (  34,  28,  36,  34,  25,  25,  32,  37,  12,  31,  41,  18,  47,  34,  44,  29,
    44,  34,  31,  22,  33,  33,  38,  31,  30,  23,  33,  28,  36,  34,  26,  25,
    33,  32,  19,  33,  34,  25,  38,  35,  44,  29,  30,  34,  32,  22,  34,  33,
    52,  31,  33,  23,  44,  12,  32,  27,  30,  32,  28,  22,  37,  28,  34,  10,
    12,  44,  33,  31,  33,  33,   0,  24,  31,  31,  34,  34,  34,  32,  24,  31,
    24,  31,  11,  11,  10,  22,  10,  31,  11,  31,  30,  31,  12,  36,  18,  30,
    31,  36,  34,  31,  34,  34,  34,  34,  34,  34,  38,  36,  25,  25,  25,  25,
    12,  12,  12,  12,  38,  35,  44,  44,  44,  44,  44,  44,  33,  33,  33,  33,
    30,  28,  34,  34,  34,  33,  34,  33,  38,  36,  25,  25,  25,  25,  12,  12,
    12,  12,  44,  35,  44,  44,  44,  44,  44,  44,  33,  33,  33,  33,  30,  30);

Define RectList
 ( (   0,  0, 44, 95), (  45,  0, 37, 95), (  83,  0, 60, 95), ( 144,  0, 43, 95),
   ( 188,  0, 34, 95), ( 223,  0, 33, 95), ( 257,  0, 42, 95), ( 300,  0, 69, 95),
   ( 370,  0, 20, 95), ( 391,  0, 40, 95), ( 432,  0, 72, 95), ( 505,  0, 36, 95),
   ( 542,  0, 69, 95), ( 612,  0, 42, 95), ( 655,  0, 54, 95), ( 710,  0, 39, 95),
   ( 750,  0, 54, 95), ( 805,  0, 43, 95), ( 849,  0, 41, 95), ( 891,  0, 32, 95),
   ( 924,  0, 40, 95), ( 965,  0, 42, 95), (1008,  0, 45, 95), (1054,  0, 39, 95),
   (1094,  0, 39, 95), (1134,  0, 32, 95), (1167,  0, 42, 95), (1210,  0, 37, 95),
   (1248,  0, 45, 95), (1294,  0, 43, 95), (1338,  0, 36, 95), (1375,  0, 33, 95),
   (1409,  0, 42, 95), (1452,  0, 39, 95), (1492,  0, 29, 95), (1522,  0, 42, 95),
   (1565,  0, 42, 95), (1608,  0, 34, 95), (1643,  0, 45, 95), (1689,  0, 42, 95),
   (1732,  0, 54, 95), (1787,  0, 38, 95), (1826,  0, 39, 95), (1866,  0, 43, 95),
   (1910,  0, 41, 95), (1952,  0, 32, 95), (1985,  0, 43, 95), (2029,  0, 45, 95),
   (2075,  0, 64, 95), (2140,  0, 39, 95), (2180,  0, 42, 95), (2223,  0, 32, 95),
   (2256,  0, 54, 95), (2311,  0, 21, 95), (2333,  0, 41, 95), (2375,  0, 38, 95),
   (2414,  0, 39, 95), (2454,  0, 41, 95), (2496,  0, 37, 95), (2534,  0, 32, 95),
   (2567,  0, 47, 95), (2615,  0, 37, 95), (2653,  0, 52, 95), (2706,  0, 19, 95),
   (2726,  0, 20, 95), (2747,  0, 55, 95), (2803,  0, 43, 95), (2847,  0, 42, 95),
   (2890,  0, 43, 95), (2934,  0, 39, 95), (2974,  0, 39, 95), (3014,  0, 30, 95),
   (3045,  0, 41, 95), (3087,  0, 41, 95), (3129,  0, 42, 95), (3172,  0, 47, 95),
   (3220,  0, 42, 95), (3263,  0, 42, 95), (3306,  0, 32, 95), (3339,  0, 51, 95),
   (3391,  0, 32, 95), (3424,  0, 51, 95), (3476,  0, 19, 95), (3496,  0, 19, 95),
   (3516,  0, 19, 95), (3536,  0, 30, 95), (3567,  0, 19, 95), (3587,  0, 41, 95),
   (3629,  0, 19, 95), (3649,  0, 41, 95), (3691,  0, 39, 95), (3731,  0, 41, 95),
   (3773,  0, 24, 95), (3798,  0, 57, 95), (3856,  0, 44, 95), (3901,  0, 49, 95),
   (3951,  0, 51, 95), (4003,  0, 57, 95), (4061,  0, 55, 95), (4117,  0, 51, 95),
   (4169,  0, 44, 95), (4214,  0, 44, 95), (4259,  0, 44, 95), (4304,  0, 56, 95),
   (4361,  0, 44, 95), (4406,  0, 56, 95), (4463,  0, 57, 95), (4521,  0, 76, 95),
   (4598,  0, 34, 95), (4633,  0, 34, 95), (4668,  0, 34, 95), (4703,  0, 34, 95),
   (4738,  0, 21, 95), (4760,  0, 21, 95), (4782,  0, 20, 95), (4803,  0, 23, 95),
   (4827,  0, 57, 95), (4885,  0, 43, 95), (4929,  0, 54, 95), (4984,  0, 54, 95),
   (5039,  0, 54, 95), (5094,  0, 68, 95), (5163,  0, 54, 95), (5218,  0, 68, 95),
   (5287,  0, 41, 95), (5329,  0, 41, 95), (5371,  0, 41, 95), (5413,  0, 41, 95),
   (5455,  0, 39, 95), (5495,  0, 37, 95), (5533,  0, 44, 95), (5578,  0, 44, 95),
   (5623,  0, 44, 95), (5668,  0, 52, 95), (5721,  0, 44, 95), (5766,  0, 52, 95),
   (5819,  0, 57, 95), (5877,  0, 57, 95), (5935,  0, 34, 95), (5970,  0, 34, 95),
   (6005,  0, 34, 95), (6040,  0, 34, 95), (6075,  0, 21, 95), (6097,  0, 21, 95),
   (6119,  0, 20, 95), (6140,  0, 23, 95), (6164,  0, 68, 95), (6233,  0, 43, 95),
   (6277,  0, 54, 95), (6332,  0, 54, 95), (6387,  0, 54, 95), (6442,  0, 68, 95),
   (6511,  0, 54, 95), (6566,  0, 68, 95), (6635,  0, 41, 95), (6677,  0, 41, 95),
   (6719,  0, 41, 95), (6761,  0, 41, 95), (6803,  0, 39, 95), (6843,  0, 39, 95));

Define OffsetList
 ( (-5, 0), (-4, 0), (-5, 0), (-4, 0), (-4, 0), (-4, 0), (-5, 0), (-4, 0),
   (-4, 0), (-5, 0), (-4, 0), (-4, 0), (-19, 0), (-4, 0), (-5, 0), (-4, 0),
   (-5, 0), (-4, 0), (-5, 0), (-4, 0), (-3, 0), (-5, 0), (-3, 0), (-4, 0),
   (-4, 0), (-4, 0), (-5, 0), (-4, 0), (-5, 0), (-4, 0), (-5, 0), (-3, 0),
   (-5, 0), (-4, 0), (-5, 0), (-5, 0), (-4, 0), (-4, 0), (-3, 0), (-4, 0),
   (-5, 0), (-4, 0), (-6, 0), (-5, 0), (-5, 0), (-5, 0), (-4, 0), (-6, 0),
   (-6, 0), (-4, 0), (-5, 0), (-4, 0), (-6, 0), (-5, 0), (-4, 0), (-5, 0),
   (-5, 0), (-4, 0), (-4, 0), (-5, 0), (-5, 0), (-6, 0), (-9, 0), (-4, 0),
   (-4, 0), (-6, 0), (-4, 0), (-6, 0), (-6, 0), (-3, 0), (-5, 0), (-5, 0),
   (-5, 0), (-4, 0), (-4, 0), (-6, 0), (-4, 0), (-5, 0), (-4, 0), (-10, 0),
   (-4, 0), (-9, 0), (-4, 0), (-4, 0), (-4, 0), (-4, 0), (-4, 0), (-5, 0),
   (-4, 0), (-5, 0), (-5, 0), (-5, 0), (-6, 0), (-11, 0), (-8, 0), (-9, 0),
   (-10, 0), (-11, 0), (-10, 0), (-10, 0), (-5, 0), (-5, 0), (-5, 0), (-11, 0),
   (-5, 0), (-11, 0), (-9, 0), (-13, 0), (-4, 0), (-4, 0), (-4, 0), (-4, 0),
   (-4, 0), (-4, 0), (-4, 0), (-4, 0), (-9, 0), (-4, 0), (-5, 0), (-5, 0),
   (-5, 0), (-12, 0), (-5, 0), (-12, 0), (-4, 0), (-4, 0), (-4, 0), (-4, 0),
   (-4, 0), (-4, 0), (-5, 0), (-5, 0), (-5, 0), (-10, 0), (-5, 0), (-10, 0),
   (-9, 0), (-11, 0), (-4, 0), (-4, 0), (-4, 0), (-4, 0), (-4, 0), (-4, 0),
   (-4, 0), (-4, 0), (-12, 0), (-4, 0), (-5, 0), (-5, 0), (-5, 0), (-12, 0),
   (-5, 0), (-12, 0), (-4, 0), (-4, 0), (-4, 0), (-4, 0), (-4, 0), (-4, 0));

CreateLayer               Main;
LayerSetImage             Main 'NativeAlien48';
LayerSetAscent            Main 81;
LayerSetCharWidths        Main CharList WidthList;
LayerSetCharWidths        Main (' ') (31);
LayerSetImageMap          Main CharList RectList;
LayerSetCharOffsets       Main CharList OffsetList;
LayerSetAscentPadding     Main 5;
LayerSetLineSpacingOffset Main 0;
LayerSetPointSize         Main 46;

Define MapFrom ('C', 'H', 'K', 'M', 'V');
Define MapTo   ('c', 'h', 'k', 'm', 'v');

SetCharMap	MapFrom MapTo;

SetDefaultPointSize  46;
