Define CharList
 ( 'A', 'B', 'C', 'D', 'E', 'F', 'G', 'H', 'I', 'J', 'K', 'L', 'M', 'N', 'O', 'P',
   'Q', 'R', 'S', 'T', 'U', 'V', 'W', 'X', 'Y', 'Z', 'a', 'b', 'c', 'd', 'e', 'f',
   'g', 'h', 'i', 'j', 'k', 'l', 'm', 'n', 'o', 'p', 'q', 'r', 's', 't', 'u', 'v',
   'w', 'x', 'y', 'z', '0', '1', '2', '3', '4', '5', '6', '7', '8', '9', '~', '`',
   '!', '@', '#', '$', '%', '^', '&', '*', '(', ')', '-', '_', '=', '+', '[', '{',
   ']', '}', ';', ':',"'", '"', ',', '<', '.', '>', '/', '?', '¡', '¢', '£', '¥',
   '§', '©', '®', '¿', 'À', 'Á', 'Â', 'Ã', 'Ä', 'Å', 'Æ', 'Ç', 'È', 'É', 'Ê', 'Ë',
   'Ì', 'Í', 'Î', 'Ï', 'Ð', 'Ñ', 'Ò', 'Ó', 'Ô', 'Õ', 'Ö', 'Ø', 'Ù', 'Ú', 'Û', 'Ü',
   'Ý', 'ß', 'à', 'á', 'â', 'ã', 'ä', 'å', 'æ', 'ç', 'è', 'é', 'ê', 'ë', 'ì', 'í',
   'î', 'ï', 'ð', 'ñ', 'ò', 'ó', 'ô', 'õ', 'ö', 'ø', 'ù', 'ú', 'û', 'ü', 'ý', 'ÿ');

Define WidthList
 (  15,  12,  16,  15,  11,  11,  14,  16,   5,  14,  18,   8,  20,  15,  19,  13,
    19,  15,  14,  10,  14,  15,  17,  14,  13,  10,  14,  12,  16,  15,  12,  11,
    14,  14,   9,  15,  15,  11,  17,  15,  19,  13,  13,  15,  14,  10,  15,  15,
    23,  14,  14,  10,  19,   5,  14,  12,  13,  14,  12,  10,  16,  12,  15,   5,
     5,  20,  15,  14,  15,  14,   0,  11,  14,  14,  15,  15,  15,  14,  11,  14,
    11,  14,   5,   5,   5,  10,   5,  14,   5,  14,  13,  14,   5,  16,   8,  13,
    14,  16,  15,  14,  15,  15,  15,  15,  15,  15,  17,  16,  11,  11,  11,  11,
     5,   5,   5,   5,  17,  15,  19,  19,  19,  19,  19,  19,  14,  14,  14,  14,
    13,   9,  15,  15,  15,  15,  15,  14,  17,  16,  11,  11,  11,  11,   5,   5,
     5,   5,  19,  15,  19,  19,  19,  19,  19,  19,  14,  14,  14,  14,  13,  13);

Define RectList
 ( (   0,  0, 15, 27), (  16,  0, 11, 27), (  28,  0, 22, 27), (  51,  0, 14, 27),
   (  66,  0, 11, 27), (  78,  0, 11, 27), (  90,  0, 12, 27), ( 103,  0, 21, 27),
   ( 125,  0,  3, 27), ( 129,  0, 12, 27), ( 142,  0, 27, 27), ( 170,  0, 13, 27),
   ( 184,  0, 25, 27), ( 210,  0, 13, 27), ( 224,  0, 19, 27), ( 244,  0, 12, 27),
   ( 257,  0, 19, 27), ( 277,  0, 13, 27), ( 291,  0, 14, 27), ( 306,  0,  9, 27),
   ( 316,  0, 12, 27), ( 329,  0, 14, 27), ( 344,  0, 15, 27), ( 360,  0, 13, 27),
   ( 374,  0, 13, 27), ( 388,  0, 10, 27), ( 399,  0, 14, 27), ( 414,  0, 11, 27),
   ( 426,  0, 15, 27), ( 442,  0, 14, 27), ( 457,  0, 11, 27), ( 469,  0,  9, 27),
   ( 479,  0, 12, 27), ( 492,  0, 12, 27), ( 505,  0,  8, 27), ( 514,  0, 14, 27),
   ( 529,  0, 14, 27), ( 544,  0, 10, 27), ( 555,  0, 15, 27), ( 571,  0, 13, 27),
   ( 585,  0, 19, 27), ( 605,  0, 12, 27), ( 618,  0, 12, 27), ( 631,  0, 14, 27),
   ( 646,  0, 14, 27), ( 661,  0,  9, 27), ( 671,  0, 14, 27), ( 686,  0, 15, 27),
   ( 702,  0, 23, 27), ( 726,  0, 13, 27), ( 740,  0, 14, 27), ( 755,  0, 10, 27),
   ( 766,  0, 19, 27), ( 786,  0,  3, 27), ( 790,  0, 12, 27), ( 803,  0, 12, 27),
   ( 816,  0, 12, 27), ( 829,  0, 13, 27), ( 843,  0, 11, 27), ( 855,  0, 10, 27),
   ( 866,  0, 16, 27), ( 883,  0, 11, 27), ( 895,  0, 19, 27), ( 915,  0,  3, 27),
   ( 919,  0,  3, 27), ( 923,  0, 19, 27), ( 943,  0, 13, 27), ( 957,  0, 13, 27),
   ( 971,  0, 14, 27), ( 986,  0, 12, 27), ( 999,  0, 13, 27), (1013,  0,  8, 27),
   (1022,  0, 13, 27), (1036,  0, 14, 27), (1051,  0, 13, 27), (1065,  0, 16, 27),
   (1082,  0, 13, 27), (1096,  0, 14, 27), (1111,  0,  9, 27), (1121,  0, 19, 27),
   (1141,  0,  9, 27), (1151,  0, 20, 27), (1172,  0,  3, 27), (1176,  0,  3, 27),
   (1180,  0,  3, 27), (1184,  0,  8, 27), (1193,  0,  3, 27), (1197,  0, 13, 27),
   (1211,  0,  3, 27), (1215,  0, 14, 27), (1230,  0, 13, 27), (1244,  0, 13, 27),
   (1258,  0,  4, 27), (1263,  0, 21, 27), (1285,  0, 19, 27), (1305,  0, 19, 27),
   (1325,  0, 20, 27), (1346,  0, 21, 27), (1368,  0, 19, 27), (1388,  0, 14, 27),
   (1403,  0, 15, 27), (1419,  0, 15, 27), (1435,  0, 15, 27), (1451,  0, 15, 27),
   (1467,  0, 15, 27), (1483,  0, 15, 27), (1499,  0, 21, 27), (1521,  0, 15, 27),
   (1537,  0, 10, 27), (1548,  0, 10, 27), (1559,  0, 10, 27), (1570,  0, 10, 27),
   (1581,  0,  4, 27), (1586,  0,  4, 27), (1591,  0,  4, 27), (1596,  0,  4, 27),
   (1601,  0, 21, 27), (1623,  0, 14, 27), (1638,  0, 19, 27), (1658,  0, 19, 27),
   (1678,  0, 19, 27), (1698,  0, 19, 27), (1718,  0, 19, 27), (1738,  0, 27, 27),
   (1766,  0, 13, 27), (1780,  0, 13, 27), (1794,  0, 13, 27), (1808,  0, 13, 27),
   (1822,  0, 13, 27), (1836,  0, 10, 27), (1847,  0, 15, 27), (1863,  0, 15, 27),
   (1879,  0, 15, 27), (1895,  0, 15, 27), (1911,  0, 15, 27), (1927,  0, 20, 27),
   (1948,  0, 21, 27), (1970,  0, 15, 27), (1986,  0, 10, 27), (1997,  0, 10, 27),
   (2008,  0, 10, 27), (2019,  0, 10, 27), (2030,  0,  4, 27), (2035,  0,  4, 27),
   (2040,  0,  4, 27), (2045,  0,  4, 27), (2050,  0, 27, 27), (2078,  0, 14, 27),
   (2093,  0, 19, 27), (2113,  0, 19, 27), (2133,  0, 19, 27), (2153,  0, 19, 27),
   (2173,  0, 19, 27), (2193,  0, 27, 27), (2221,  0, 13, 27), (2235,  0, 13, 27),
   (2249,  0, 13, 27), (2263,  0, 13, 27), (2277,  0, 13, 27), (2291,  0, 13, 27));

Define OffsetList
 ( ( 0, 0), ( 1, 0), ( 0, 0), ( 1, 0), ( 1, 0), ( 1, 0), ( 1, 0), ( 1, 0),
   ( 1, 0), ( 1, 0), ( 1, 0), ( 1, 0), (-6, 0), ( 1, 0), ( 0, 0), ( 1, 0),
   ( 0, 0), ( 1, 0), ( 0, 0), ( 0, 0), ( 1, 0), ( 0, 0), ( 1, 0), ( 0, 0),
   ( 0, 0), ( 0, 0), ( 0, 0), ( 1, 0), ( 0, 0), ( 1, 0), ( 0, 0), ( 1, 0),
   ( 1, 0), ( 1, 0), ( 0, 0), ( 0, 0), ( 0, 0), ( 1, 0), ( 1, 0), ( 1, 0),
   ( 0, 0), ( 1, 0), ( 0, 0), ( 1, 0), ( 0, 0), ( 0, 0), ( 1, 0), ( 0, 0),
   ( 0, 0), ( 0, 0), ( 0, 0), ( 0, 0), ( 0, 0), ( 1, 0), ( 1, 0), ( 0, 0),
   ( 1, 0), ( 1, 0), ( 1, 0), ( 0, 0), ( 0, 0), ( 0, 0), (-2, 0), ( 1, 0),
   ( 1, 0), ( 0, 0), ( 1, 0), ( 0, 0), ( 0, 0), ( 1, 0), ( 0, 0), ( 1, 0),
   ( 0, 0), ( 0, 0), ( 1, 0), ( 0, 0), ( 1, 0), ( 0, 0), ( 1, 0), (-3, 0),
   ( 1, 0), (-3, 0), ( 1, 0), ( 1, 0), ( 1, 0), ( 1, 0), ( 1, 0), ( 0, 0),
   ( 1, 0), ( 0, 0), ( 0, 0), ( 1, 0), ( 1, 0), (-3, 0), (-2, 0), (-3, 0),
   (-3, 0), (-3, 0), (-2, 0), ( 0, 0), ( 0, 0), ( 0, 0), ( 0, 0), ( 0, 0),
   ( 0, 0), ( 0, 0), (-2, 0), ( 0, 0), ( 1, 0), ( 1, 0), ( 1, 0), ( 1, 0),
   ( 1, 0), ( 1, 0), ( 1, 0), ( 1, 0), (-2, 0), ( 1, 0), ( 0, 0), ( 0, 0),
   ( 0, 0), ( 0, 0), ( 0, 0), (-4, 0), ( 1, 0), ( 1, 0), ( 1, 0), ( 1, 0),
   ( 0, 0), ( 0, 0), ( 0, 0), ( 0, 0), ( 0, 0), ( 0, 0), ( 0, 0), (-3, 0),
   (-2, 0), ( 0, 0), ( 1, 0), ( 1, 0), ( 1, 0), ( 1, 0), ( 1, 0), ( 1, 0),
   ( 1, 0), ( 1, 0), (-4, 0), ( 1, 0), ( 0, 0), ( 0, 0), ( 0, 0), ( 0, 0),
   ( 0, 0), (-4, 0), ( 1, 0), ( 1, 0), ( 1, 0), ( 1, 0), ( 0, 0), ( 0, 0));

CreateLayer               Main;
LayerSetImage             Main 'NativeAlienExtended16';
LayerSetAscent            Main 25;
LayerSetCharWidths        Main CharList WidthList;
LayerSetCharWidths        Main (' ') (11);
LayerSetImageMap          Main CharList RectList;
LayerSetCharOffsets       Main CharList OffsetList;
LayerSetAscentPadding     Main 0;
LayerSetLineSpacingOffset Main 0;
LayerSetPointSize         Main 15;

Define MapFrom ('C', 'H', 'K', 'M', 'V', 'r');
Define MapTo   ('c', 'h', 'k', 'm', 'v', 'R');

SetCharMap	MapFrom MapTo;

SetDefaultPointSize  15;
